method,sigma_mhz,num_samples,average_fidelity,average_gate_fidelity,fidelity_variance
noise,0.1,60,0.9986827176040952,0.9983533970051188,1.7872324433687378e-07
noise,0.101,60,0.9987365975507329,0.998420746938416,1.449842919212733e-07
noise,0.102,60,0.9987082798290686,0.998385349786336,1.5676764647495173e-07
noise,0.103,60,0.9986956200409406,0.9983695250511756,2.031932384263172e-07
noise,0.104,60,0.9987222508811832,0.9984028136014792,1.7856363445029019e-07
noise,0.105,60,0.9986692949083782,0.9983366186354726,1.501863453888809e-07
noise,0.106,60,0.998714057914372,0.9983925723929652,1.37402549909479e-07
noise,0.107,60,0.998744059357192,0.99843007419649,1.2780882703379128e-07
noise,0.108,60,0.9987240003726532,0.9984050004658164,1.317269609140566e-07
noise,0.109,60,0.9986501119527172,0.9983126399408964,1.7110381428669244e-07
noise,0.11,60,0.9986690034585268,0.9983362543231586,1.6529144336176778e-07
noise,0.111,60,0.998720963924236,0.9984012049052952,2.085885842787244e-07
noise,0.112,60,0.9986560781803876,0.998320097725484,2.216012701836649e-07
noise,0.113,60,0.9986633746503664,0.9983292183129582,1.5377737545885696e-07
noise,0.114,60,0.9986984124950754,0.998373015618844,1.5119720719137784e-07
noise,0.115,60,0.9986737949032656,0.9983422436290816,1.8711969887906134e-07
noise,0.116,60,0.9987189697424874,0.9983987121781092,1.4712281350658708e-07
noise,0.117,60,0.998702001934578,0.9983775024182222,1.8067921222991706e-07
noise,0.118,60,0.9986511814795372,0.9983139768494216,1.381677354245261e-07
noise,0.119,60,0.998589348569246,0.9982366857115572,1.874674568989442e-07
noise,0.12,60,0.9986121880236012,0.9982652350295012,1.3044738705512517e-07
noise,0.121,60,0.99857667013151,0.9982208376643876,2.220021641673005e-07
noise,0.122,60,0.9985145859536412,0.9981432324420516,2.202928144899475e-07
noise,0.123,60,0.9985976535203256,0.9982470669004068,1.857323436996652e-07
noise,0.124,60,0.9987411958550844,0.9984264948188551,2.403443833191872e-07
noise,0.125,60,0.998587882689731,0.9982348533621636,2.2139758036507755e-07
noise,0.126,60,0.9985494957289393,0.998186869661174,2.723077591269932e-07
noise,0.127,60,0.9985883614462566,0.9982354518078208,2.6929399575096214e-07
noise,0.128,60,0.9985754131496752,0.9982192664370936,1.867389160504689e-07
noise,0.129,60,0.9985225619272432,0.998153202409054,2.021462195685296e-07
noise,0.13,60,0.9986085885831546,0.9982607357289432,1.8705343973049917e-07
noise,0.131,60,0.9985962647073116,0.9982453308841396,2.612783520532428e-07
noise,0.132,60,0.9985792285631272,0.9982240357039088,2.464720963988084e-07
noise,0.133,60,0.9984499101737876,0.9980623877172342,3.721836668584304e-07
noise,0.134,60,0.998446321703121,0.998057902128901,2.967903718837489e-07
noise,0.135,60,0.9985089682387812,0.9981362102984768,3.005139786824888e-07
noise,0.136,60,0.998546314643185,0.998182893303981,2.816490162836055e-07
noise,0.137,60,0.9985573417538162,0.99819667719227,2.484277613323727e-07
noise,0.138,60,0.9984808979189124,0.9981011223986408,3.723924300493012e-07
noise,0.139,60,0.9984310202315532,0.9980387752894416,3.4487912121141973e-07
noise,0.14,60,0.99846802104919,0.9980850263114872,2.942146899632671e-07
noise,0.141,60,0.9983157986324108,0.997894748290514,4.3778639813072134e-07
noise,0.142,60,0.9984123572287598,0.9980154465359496,6.119629769805606e-07
noise,0.143,60,0.9984635938996482,0.9980794923745602,3.6233229936145153e-07
noise,0.144,60,0.9985195732478775,0.9981494665598464,4.23031872813417e-07
noise,0.145,60,0.9984738793549532,0.9980923491936918,3.632990458939096e-07
noise,0.146,60,0.9984727712730262,0.9980909640912828,2.033636495278443e-07
noise,0.147,60,0.9984369073563416,0.9980461341954272,3.420001200813896e-07
noise,0.148,60,0.9984524783670892,0.9980655979588616,3.057661852689788e-07
noise,0.149,60,0.9983261740975302,0.997907717621913,4.3559458838710493e-07
noise,0.15,60,0.998426943869843,0.9980336798373036,4.208199320105412e-07
noise,0.151,60,0.9983702228847868,0.9979627786059831,4.040082182600045e-07
noise,0.152,60,0.9984207974776708,0.9980259968470888,4.0126149194488674e-07
noise,0.153,60,0.9983232113778852,0.9979040142223564,3.751660495160859e-07
noise,0.154,60,0.99834136793982,0.997926709924775,4.81332199341636e-07
noise,0.155,60,0.9982157322997744,0.997769665374718,5.314983970412901e-07
noise,0.156,60,0.9984662764640744,0.9980828455800927,3.618841391222452e-07
noise,0.157,60,0.9984829247475848,0.9981036559344812,5.713561033328357e-07
noise,0.158,60,0.998331744527534,0.9979146806594176,4.89816286736845e-07
noise,0.159,60,0.9983740956511704,0.9979676195639632,3.0906266352591134e-07
noise,0.16,60,0.9983130151967864,0.9978912689959832,3.978502163814893e-07
noise,0.161,60,0.9982206145455108,0.9977757681818884,4.917829397643626e-07
noise,0.162,60,0.9982523373214192,0.997815421651774,5.795328006247483e-07
noise,0.163,60,0.9984036588217624,0.9980045735272028,4.511824632834328e-07
noise,0.164,60,0.9982522570219508,0.9978153212774388,3.934312906430855e-07
noise,0.165,60,0.998287459249612,0.9978593240620152,4.849358704114992e-07
noise,0.166,60,0.9983360370621196,0.9979200463276492,4.180522673854809e-07
noise,0.167,60,0.998434876468391,0.9980435955854886,4.434266074855098e-07
noise,0.168,60,0.9981634222330924,0.9977042777913656,6.405355812843034e-07
noise,0.169,60,0.9981769773500052,0.9977212216875068,7.379470878779376e-07
noise,0.17,60,0.9982543564951872,0.9978179456189836,4.435004219508459e-07
noise,0.171,60,0.998169336438989,0.9977116705487362,7.528004495289549e-07
noise,0.172,60,0.9983627483437648,0.9979534354297062,4.6617179847289866e-07
noise,0.173,60,0.998278999186132,0.9978487489826652,7.999284646257001e-07
noise,0.174,60,0.9982779337675306,0.9978474172094134,4.79038052369998e-07
noise,0.175,60,0.9981764675562304,0.9977205844452876,6.22247964526174e-07
noise,0.176,60,0.998209617735906,0.9977620221698824,6.639505960299832e-07
noise,0.177,60,0.998248028084796,0.9978100351059946,6.853288267994019e-07
noise,0.178,60,0.9982032809726082,0.9977541012157602,4.6153254616752e-07
noise,0.179,60,0.9981635705350672,0.9977044631688338,6.146716932337769e-07
noise,0.18,60,0.9980593930505208,0.9975742413131508,6.043529400056717e-07
noise,0.181,60,0.9979617699083718,0.9974522123854648,8.303087709485699e-07
noise,0.182,60,0.9981540417849462,0.9976925522311824,3.724241198324709e-07
noise,0.183,60,0.998134658440807,0.9976683230510088,5.621780459010661e-07
noise,0.184,60,0.9981591655186992,0.997698956898374,6.536596489681509e-07
noise,0.185,60,0.9980001533386326,0.9975001916732906,7.57463518979367e-07
noise,0.186,60,0.9981281771600716,0.9976602214500896,5.110389066083925e-07
noise,0.187,60,0.998080594439152,0.99760074304894,5.095055905992905e-07
noise,0.188,60,0.9980374547595852,0.9975468184494812,5.590149128853835e-07
noise,0.189,60,0.9980404848293312,0.997550606036664,6.943715261867833e-07
noise,0.19,60,0.9981588921142712,0.9976986151428388,6.24068073857636e-07
noise,0.191,60,0.9980055917167878,0.9975069896459844,8.132097729062447e-07
noise,0.192,60,0.9979577619275272,0.9974472024094092,8.759480139762653e-07
noise,0.193,60,0.9980007145424902,0.9975008931781127,9.533117835287964e-07
noise,0.194,60,0.9979312734630874,0.9974140918288592,9.291159632711048e-07
noise,0.195,60,0.9980753754850784,0.9975942193563478,7.858371982199106e-07
noise,0.196,60,0.9979205507765035,0.9974006884706292,8.128845389197958e-07
noise,0.197,60,0.9980490565007106,0.9975613206258884,7.446937625064482e-07
noise,0.198,60,0.9978140067858317,0.9972675084822896,1.0753474733762974e-06
noise,0.199,60,0.9980805614988876,0.997600701873609,6.258448023513555e-07
noise,0.2,60,0.9981341757044776,0.997667719630597,6.201386047249736e-07
noise,0.201,60,0.997967135074358,0.9974589188429472,8.401988091580027e-07
noise,0.202,60,0.9978070094696624,0.997258761837078,9.239399592378162e-07
noise,0.203,60,0.9979484376880434,0.9974355471100544,7.049421342779249e-07
noise,0.204,60,0.9979186706918828,0.9973983383648533,9.27045009663243e-07
noise,0.205,60,0.998056820960251,0.9975710262003138,9.098467711247228e-07
noise,0.206,60,0.9978426694870208,0.997303336858776,9.971820593068968e-07
noise,0.207,60,0.997991627217227,0.9974895340215336,8.39467035710277e-07
noise,0.208,60,0.9978187475967564,0.9972734344959452,7.893591681364879e-07
noise,0.209,60,0.9978367396299,0.997295924537375,5.932391294462378e-07
noise,0.21,60,0.997870521304046,0.9973381516300572,8.885603956649869e-07
noise,0.211,60,0.9977957450817028,0.9972446813521284,9.580487895770417e-07
noise,0.212,60,0.9978202271946742,0.9972752839933428,9.651224593420994e-07
noise,0.213,60,0.9977173679131788,0.9971467098914736,8.699544441518253e-07
noise,0.214,60,0.9977748416416689,0.997218552052086,1.010930378942881e-06
noise,0.215,60,0.997668835396756,0.9970860442459452,6.579450652937863e-07
noise,0.216,60,0.9977060807548708,0.9971326009435884,1.276876687792939e-06
noise,0.217,60,0.9978378458081688,0.9972973072602112,7.863909749489222e-07
noise,0.218,60,0.9976001074605656,0.9970001343257072,1.318054062892462e-06
noise,0.219,60,0.9974541083312172,0.9968176354140212,1.324540898620466e-06
noise,0.22,60,0.9978299630323076,0.9972874537903842,7.448107737114097e-07
noise,0.221,60,0.997733649745816,0.9971670621822702,9.340465881633116e-07
noise,0.222,60,0.9976692978321148,0.9970866222901436,1.0982219666773684e-06
noise,0.223,60,0.9975715206539372,0.9969644008174215,1.2916005495919168e-06
noise,0.224,60,0.9976657505902216,0.9970821882377772,9.63059498748615e-07
noise,0.225,60,0.997645042651001,0.9970563033137512,1.1267269801407233e-06
noise,0.226,60,0.9977255440365558,0.9971569300456944,9.861521367949766e-07
noise,0.227,60,0.9976347343033984,0.997043417879248,1.2555783378503114e-06
noise,0.228,60,0.9974495279094904,0.9968119098868632,9.73348709172558e-07
noise,0.229,60,0.99761537267515,0.9970192158439376,1.352793100754667e-06
noise,0.23,60,0.99748247783147,0.9968530972893374,1.093392254004491e-06
noise,0.231,60,0.9976319527555012,0.9970399409443762,8.479059777217639e-07
noise,0.232,60,0.9976057627065597,0.9970072033831994,9.73461160542814e-07
noise,0.233,60,0.9976227592932564,0.9970284491165704,1.110479213871686e-06
noise,0.234,60,0.997488213916058,0.9968602673950724,1.1255687060370838e-06
noise,0.235,60,0.9974294296384866,0.9967867870481084,1.2629973238264756e-06
noise,0.236,60,0.9975781986160276,0.9969727482700342,9.644509944677828e-07
noise,0.237,60,0.99749850038345,0.9968731254793124,1.1139943024252386e-06
noise,0.238,60,0.9975991006985628,0.9969988758732036,8.158629455727543e-07
noise,0.239,60,0.9977397561032976,0.997174695129122,1.2013976374890866e-06
noise,0.24,60,0.9974322303282456,0.9967902879103068,1.2491877226383814e-06
noise,0.241,60,0.9973773662379734,0.9967217077974664,1.321560554453048e-06
noise,0.242,60,0.9977861761415738,0.9972327201769672,1.0444395814074828e-06
noise,0.243,60,0.9974105005997348,0.9967631257496689,1.404848603228278e-06
noise,0.244,60,0.997367490896701,0.996709363620876,1.3121841689608228e-06
noise,0.245,60,0.9974826470140006,0.9968533087675006,1.3964173586911077e-06
noise,0.246,60,0.9973552954421556,0.9966941193026948,1.402603844870136e-06
noise,0.247,60,0.9972468551703678,0.9965585689629596,1.3137928126471097e-06
noise,0.248,60,0.9972786097396954,0.9965982621746192,2.0891329830422936e-06
noise,0.249,60,0.9972852595931716,0.9966065744914644,1.70706366133377e-06
noise,0.25,60,0.9971577701800932,0.9964472127251166,1.503173126161996e-06
noise,0.251,60,0.9972272867832644,0.9965341084790804,2.008031029719897e-06
noise,0.252,60,0.9975429779185184,0.9969287223981482,1.4514863961281345e-06
noise,0.253,60,0.997475083884234,0.9968438548552926,9.552840265453904e-07
noise,0.254,60,0.997143073314804,0.9964288416435052,2.3186610903552524e-06
noise,0.255,60,0.997321872070684,0.9966523400883548,1.8579008304841963e-06
noise,0.256,60,0.997319274772441,0.9966490934655512,1.3541362412915495e-06
noise,0.257,60,0.9972802252628756,0.996600281578594,1.917058109856147e-06
noise,0.258,60,0.9972908837426578,0.996613604678322,1.343170676211928e-06
noise,0.259,60,0.9975970456916866,0.9969963071146082,1.2830300537798735e-06
noise,0.26,60,0.9971103400868988,0.9963879251086236,1.908823526478077e-06
noise,0.261,60,0.9972362050777168,0.996545256347146,1.674501493896965e-06
noise,0.262,60,0.9971761625196964,0.9964702031496208,1.5486559954081397e-06
noise,0.263,60,0.9973973546987124,0.9967466933733904,1.1579740140487554e-06
noise,0.264,60,0.9971394405644256,0.9964243007055316,1.6219049921038356e-06
noise,0.265,60,0.9972202837070856,0.9965253546338574,1.6883778519403563e-06
noise,0.266,60,0.9970910753679236,0.9963638442099044,1.9562381124571227e-06
noise,0.267,60,0.9971378142579128,0.9964222678223909,1.729458626140394e-06
noise,0.268,60,0.9971841339399832,0.9964801674249792,1.9905884097529037e-06
noise,0.269,60,0.99694002654015,0.9961750331751872,2.18485877347197e-06
noise,0.27,60,0.99715936255373,0.9964492031921626,1.4102594408128618e-06
noise,0.271,60,0.9973595055607072,0.996699381950884,1.791728424099814e-06
noise,0.272,60,0.996994901470216,0.99624362683777,2.5511729226268112e-06
noise,0.273,60,0.997110684479531,0.9963883555994136,1.7177163161682993e-06
noise,0.274,60,0.9966680366698356,0.9958350458372944,2.6195058709359528e-06
noise,0.275,60,0.9970633396140476,0.9963291745175592,1.810282362976964e-06
noise,0.276,60,0.9968839595463144,0.9961049494328932,2.7074459313130917e-06
noise,0.277,60,0.9968073990230254,0.9960092487787816,3.794883023156961e-06
noise,0.278,60,0.9972296940562632,0.9965371175703291,1.397774282021774e-06
noise,0.279,60,0.9970039152291016,0.9962548940363772,1.5937379044166828e-06
noise,0.28,60,0.9969577564121096,0.9961971955151367,2.6945114246774677e-06
noise,0.281,60,0.9971112856919202,0.9963891071149004,2.106922176673907e-06
noise,0.282,60,0.9970387936372976,0.9962984920466218,1.7931410809618372e-06
noise,0.283,60,0.9969485109779458,0.9961856387224324,1.967090440107359e-06
noise,0.284,60,0.9968937252756036,0.9961171565945046,1.8522893857758832e-06
noise,0.285,60,0.9965709898320048,0.9957137372900058,2.7507524215847302e-06
noise,0.286,60,0.9970026570179216,0.9962533212724022,2.2431396709429165e-06
noise,0.287,60,0.9968731856324606,0.9960914820405758,1.917899901657888e-06
noise,0.288,60,0.996884244567022,0.9961053057087776,1.8628944680947523e-06
noise,0.289,60,0.996874149495784,0.9960926868697298,2.030384143404618e-06
noise,0.29,60,0.9966100222905347,0.9957625278631684,1.8611587489548504e-06
noise,0.291,60,0.9968904535644276,0.9961130669555344,2.3149536337635745e-06
noise,0.292,60,0.9969708766871744,0.9962135958589676,2.105218855511991e-06
noise,0.293,60,0.9966753704022424,0.9958442130028032,2.6206944913584307e-06
noise,0.294,60,0.9968134549908688,0.9960168187385858,3.022647715722862e-06
noise,0.295,60,0.9967055203058484,0.9958819003823104,2.0373855988045685e-06
noise,0.296,60,0.9965844071016464,0.995730508877058,3.19892738806802e-06
noise,0.297,60,0.9968140548859276,0.9960175686074098,2.720432375240972e-06
noise,0.298,60,0.9963666747639816,0.9954583434549772,3.100133391093923e-06
noise,0.299,60,0.9967486522905824,0.9959358153632276,2.55906821997143e-06
noise,0.3,60,0.9966768212367016,0.9958460265458772,2.728479001972844e-06
noise,0.301,60,0.9965298487890458,0.9956623109863074,2.8530364150819954e-06
noise,0.302,60,0.9966716354339672,0.9958395442924588,2.230894844200598e-06
noise,0.303,60,0.9968451412666832,0.9960564265833536,2.183471056903033e-06
noise,0.304,60,0.9966353454699424,0.9957941818374276,2.75252528241232e-06
noise,0.305,60,0.9964212600627396,0.9955265750784242,2.189386104656042e-06
noise,0.306,60,0.9962877595944726,0.9953596994930908,4.02203778267506e-06
noise,0.307,60,0.996536522412724,0.9956706530159052,3.360908015597244e-06
noise,0.308,60,0.9961936946990416,0.995242118373802,4.460235496965576e-06
noise,0.309,60,0.9965857147726974,0.995732143465872,2.680176079792671e-06
noise,0.31,60,0.9965597829060892,0.9956997286326116,2.726023327656144e-06
noise,0.311,60,0.9963402923129668,0.9954253653912084,3.0697850254232903e-06
noise,0.312,60,0.9965066276120824,0.9956332845151028,2.8453131173569915e-06
noise,0.313,60,0.9966614619613908,0.9958268274517384,2.911068950775921e-06
noise,0.314,60,0.9964033203531166,0.9955041504413956,2.541649604370625e-06
noise,0.315,60,0.9964563757074988,0.9955704696343732,2.9457980971156297e-06
noise,0.316,60,0.9963070473757448,0.9953838092196808,4.16732983016676e-06
noise,0.317,60,0.9963165147995324,0.9953956434994156,2.489997076469222e-06
noise,0.318,60,0.9962449120923113,0.9953061401153886,2.716616732183272e-06
noise,0.319,60,0.9963607970723182,0.9954509963403976,3.369171659518472e-06
noise,0.32,60,0.9968363687405988,0.9960454609257476,1.729103061886037e-06
noise,0.321,60,0.9961161731424016,0.995145216428002,3.761721491991378e-06
noise,0.322,60,0.9962028891791492,0.9952536114739368,3.303306134864694e-06
noise,0.323,60,0.9963665514919126,0.9954581893648908,2.453859496463886e-06
noise,0.324,60,0.9963338834397386,0.9954173542996732,2.420838644135378e-06
noise,0.325,60,0.9964893178921216,0.9956116473651516,2.7605289160643063e-06
noise,0.326,60,0.9962256791809284,0.9952820989761604,2.96611608698374e-06
noise,0.327,60,0.9959065197437084,0.9948831496796352,3.193730053340567e-06
noise,0.328,60,0.9958826762151102,0.9948533452688876,4.183299297805599e-06
noise,0.329,60,0.9959574542433862,0.9949468178042328,5.744061988936341e-06
noise,0.33,60,0.9958892210974032,0.994861526371754,4.59450782539657e-06
noise,0.331,60,0.9962451513404128,0.995306439175516,3.0733677876953618e-06
noise,0.332,60,0.9960967007462608,0.995120875932826,3.038487276085139e-06
noise,0.333,60,0.9964034992013496,0.995504374001687,2.4421625138002187e-06
noise,0.334,60,0.9964089035050652,0.9955111293813316,2.43599942210274e-06
noise,0.335,60,0.995757464099932,0.9946968301249152,3.7686392589978015e-06
noise,0.336,60,0.9959326357592184,0.9949157946990228,5.369779970513957e-06
noise,0.337,60,0.995792621174127,0.9947407764676586,4.555513184298193e-06
noise,0.338,60,0.9957446082113444,0.9946807602641802,4.219543559885724e-06
noise,0.339,60,0.9960945501385212,0.9951181876731512,3.3190466177796107e-06
noise,0.34,60,0.9959220291486762,0.9949025364358454,3.4054412082604207e-06
noise,0.341,60,0.995965778234817,0.9949572227935212,3.918752125924421e-06
noise,0.342,60,0.9956084770844822,0.9945105963556028,5.035467856306889e-06
noise,0.343,60,0.9961905343746263,0.9952381679682832,2.82005134272596e-06
noise,0.344,60,0.9954854147140744,0.9943567683925932,4.733686358965338e-06
noise,0.345,60,0.9957398465058848,0.9946748081323556,5.009888913674182e-06
noise,0.346,60,0.9957237536029648,0.994654692003706,3.965901682127934e-06
noise,0.347,60,0.9958747112125956,0.9948433890157448,2.582920788513967e-06
noise,0.348,60,0.9959025259819672,0.994878157477459,4.614205054523581e-06
noise,0.349,60,0.9955035669865948,0.9943794587332434,4.233098551431136e-06
noise,0.35,60,0.9959063378129052,0.9948829222661314,5.82512606237136e-06
noise,0.351,60,0.9952048142361024,0.9940060177951278,4.464959010231983e-06
noise,0.352,60,0.9957869021335508,0.9947336276669384,4.167920576076307e-06
noise,0.353,60,0.9957935966969776,0.9947419958712218,3.900104582160919e-06
noise,0.354,60,0.99567931361642,0.994599142020525,3.3105071596682062e-06
noise,0.355,60,0.995655715676978,0.9945696445962224,3.268568578506144e-06
noise,0.356,60,0.995592793049111,0.9944909913113888,4.151759206324191e-06
noise,0.357,60,0.9956670605671047,0.9945838257088808,3.7716586018557382e-06
noise,0.358,60,0.995833919985818,0.9947923999822724,3.836597127371513e-06
noise,0.359,60,0.9953967441150438,0.9942459301438048,6.018350368555262e-06
noise,0.36,60,0.9955279797299964,0.9944099746624956,6.825389955325114e-06
noise,0.361,60,0.9956374946246594,0.9945468682808244,4.856844894198594e-06
noise,0.362,60,0.9955799548442053,0.9944749435552565,4.053188790737227e-06
noise,0.363,60,0.9958118468301528,0.9947648085376912,3.234443591668187e-06
noise,0.364,60,0.9954311869606296,0.9942889837007872,4.004055151926113e-06
noise,0.365,60,0.9955985991570302,0.9944982489462878,3.9263056469425126e-06
noise,0.366,60,0.9957260865052624,0.994657608131578,4.063341110772022e-06
noise,0.367,60,0.99550748246287,0.9943843530785874,4.286746887664078e-06
noise,0.368,60,0.9952660433667314,0.994082554208414,4.152858644907037e-06
noise,0.369,60,0.99553563794945,0.9944195474368124,5.51312278824596e-06
noise,0.37,60,0.99543431436994,0.9942928929624252,5.1623883516507785e-06
noise,0.371,60,0.9953953375700806,0.994244171962601,4.244113813259194e-06
noise,0.372,60,0.995078705795606,0.9938483822445074,4.246969807583803e-06
noise,0.373,60,0.9955063457227276,0.9943829321534096,5.424367576821895e-06
noise,0.374,60,0.9950046899398872,0.9937558624248588,5.0396998280004684e-06
noise,0.375,60,0.9953941593302204,0.9942426991627756,5.585420381394496e-06
noise,0.376,60,0.9953280067653166,0.9941600084566458,5.207580795968465e-06
noise,0.377,60,0.9953719730357836,0.9942149662947296,3.995510100074956e-06
noise,0.378,60,0.99495512948926,0.9936939118615752,8.282968103770981e-06
noise,0.379,60,0.9951959492374738,0.993994936546842,6.425205199259005e-06
noise,0.38,60,0.9946958507449246,0.9933698134311556,7.884994957650793e-06
noise,0.381,60,0.995053977955153,0.9938174724439414,5.962590372289321e-06
noise,0.382,60,0.9952372995066882,0.99404662438336,4.407133031741271e-06
noise,0.383,60,0.9955840302907868,0.9944800378634832,5.661718528827636e-06
noise,0.384,60,0.99540457610098,0.9942557201262248,5.512870704795816e-06
noise,0.385,60,0.9948322909006798,0.9935403636258496,6.056530404874118e-06
noise,0.386,60,0.9947212887874052,0.9934016109842568,9.939773111187129e-06
noise,0.387,60,0.9951237341004512,0.9939046676255636,5.662901735380189e-06
noise,0.388,60,0.9945414985207034,0.9931768731508792,6.68136106947776e-06
noise,0.389,60,0.995131969824138,0.9939149622801728,4.516163899904849e-06
noise,0.39,60,0.995014320766414,0.9937679009580174,4.418651515310344e-06
noise,0.391,60,0.9951518933236604,0.9939398666545756,3.838296290542538e-06
noise,0.392,60,0.9946670790305,0.9933338487881253,7.476233894118611e-06
noise,0.393,60,0.9949790262484433,0.9937237828105538,4.281814039187544e-06
noise,0.394,60,0.9948999360104946,0.9936249200131184,6.283701257226798e-06
noise,0.395,60,0.9951298770015784,0.9939123462519726,6.385760324965146e-06
noise,0.396,60,0.9949236996327268,0.9936546245409088,7.238703477665087e-06
noise,0.397,60,0.99447207480086,0.9930900935010752,8.412698641866786e-06
noise,0.398,60,0.9946380248811773,0.9932975311014712,7.092315433915801e-06
noise,0.399,60,0.9948270723798948,0.9935338404748688,5.263733631810282e-06
noise,0.4,60,0.9953107794364814,0.9941384742956016,3.5904831968500465e-06
noise,0.401,60,0.994492766089559,0.9931159576119488,6.56465462277706e-06
noise,0.402,60,0.9942844104909409,0.9928555131136758,7.931357367881915e-06
noise,0.403,60,0.9945938518444024,0.9932423148055032,6.1242552807718685e-06
noise,0.404,60,0.995061499099534,0.9938268738744176,3.705119873853023e-06
noise,0.405,60,0.9946448453292022,0.9933060566615026,5.57122250214806e-06
noise,0.406,60,0.9942343984461414,0.9927929980576768,1.0422707721239942e-05
noise,0.407,60,0.994709385710253,0.9933867321378164,7.108745144854025e-06
noise,0.408,60,0.9938658298742606,0.9923322873428256,1.2144193213954186e-05
noise,0.409,60,0.9947065648475576,0.993383206059447,6.180584322852923e-06
noise,0.41,60,0.9946966488744852,0.9933708110931068,8.265116529731238e-06
noise,0.411,60,0.9943775321869744,0.9929719152337182,7.55050071841782e-06
noise,0.412,60,0.9944891545641747,0.9931114432052184,7.154680993546907e-06
noise,0.413,60,0.9947361538181396,0.9934201922726746,5.928820967022385e-06
noise,0.414,60,0.9941676656256732,0.9927095820320913,8.436411644919147e-06
noise,0.415,60,0.9946238942165246,0.993279867770656,7.445278856962128e-06
noise,0.416,60,0.9940350061081132,0.9925437576351416,8.692070975156424e-06
noise,0.417,60,0.9940910821520208,0.992613852690026,7.238430704258099e-06
noise,0.418,60,0.9941253309615996,0.9926566637019996,7.132100440084828e-06
noise,0.419,60,0.9952196355488298,0.9940245444360374,4.910884380638502e-06
noise,0.42,60,0.9945156207473288,0.9931445259341608,7.578186464635769e-06
noise,0.421,60,0.9941315125756832,0.992664390719604,8.617500469974921e-06
noise,0.422,60,0.9944232038592836,0.9930290048241044,7.118670657282876e-06
noise,0.423,60,0.994284327424328,0.9928554092804102,1.1501179392198826e-05
noise,0.424,60,0.9941161694707188,0.9926452118383984,8.570755672106564e-06
noise,0.425,60,0.9937145659182642,0.9921432073978304,1.1306441002607992e-05
noise,0.426,60,0.9939633586077304,0.992454198259663,1.475293740626836e-05
noise,0.427,60,0.9942974932510864,0.992871866563858,7.883173331565822e-06
noise,0.428,60,0.9938026155844248,0.9922532694805308,9.701458319231577e-06
noise,0.429,60,0.9943007764638078,0.99287597057976,5.950580519337403e-06
noise,0.43,60,0.9935487526797694,0.9919359408497118,1.4638127763467362e-05
noise,0.431,60,0.993683504972814,0.9921043812160172,8.962395872919721e-06
noise,0.432,60,0.9939328321944167,0.9924160402430212,7.663688065655282e-06
noise,0.433,60,0.9939812421675972,0.9924765527094964,6.372430445565036e-06
noise,0.434,60,0.9941229037233836,0.9926536296542294,9.721588044085731e-06
noise,0.435,60,0.994432304564556,0.9930403807056952,8.296357715555416e-06
noise,0.436,60,0.9939722543169704,0.9924653178962132,7.750193446980326e-06
noise,0.437,60,0.9939534813955656,0.9924418517444572,7.091035681738972e-06
noise,0.438,60,0.9939803288589082,0.9924754110736352,1.0257993531744402e-05
noise,0.439,60,0.9938355544669482,0.9922944430836852,7.764800105563631e-06
noise,0.44,60,0.9939124089875188,0.9923905112343984,8.340385538933301e-06
noise,0.441,60,0.9936159793832924,0.9920199742291158,9.42681159044698e-06
noise,0.442,60,0.993728001818276,0.9921600022728452,6.785910198634218e-06
noise,0.443,60,0.9943873405595858,0.992984175699482,1.1366393556586826e-05
noise,0.444,60,0.9937158621860795,0.9921448277325998,1.1539705532186848e-05
noise,0.445,60,0.9937115842224452,0.9921394802780564,8.879850178653597e-06
noise,0.446,60,0.9928166908764536,0.9910208635955672,1.5634927050718173e-05
noise,0.447,60,0.9941571082991584,0.992696385373948,6.346446786711948e-06
noise,0.448,60,0.9938175623308712,0.9922719529135888,8.06112285436037e-06
noise,0.449,60,0.9936488846661616,0.992061105832702,8.92745671845035e-06
noise,0.45,60,0.9935966062962112,0.991995757870264,1.0603478508117592e-05
noise,0.451,60,0.9931745411710128,0.9914681764637662,1.0830424640024235e-05
noise,0.452,60,0.9941891671221512,0.9927364589026892,6.9788158556431526e-06
noise,0.453,60,0.993637530017568,0.9920469125219602,1.0819635511884066e-05
noise,0.454,60,0.9937429057982012,0.9921786322477516,7.196606457345639e-06
noise,0.455,60,0.9929321595765552,0.991165199470694,1.3723554288543296e-05
noise,0.456,60,0.993993174741744,0.9924914684271802,1.007343021075872e-05
noise,0.457,60,0.994170326250875,0.9927129078135936,9.65399494394164e-06
noise,0.458,60,0.9939465764986284,0.9924332206232857,9.06279919043496e-06
noise,0.459,60,0.9936248437768348,0.9920310547210436,7.536239663500168e-06
noise,0.46,60,0.9937647006203498,0.9922058757754372,1.0242753853409189e-05
noise,0.461,60,0.9938647065917504,0.992330883239688,6.3580044148146255e-06
noise,0.462,60,0.993029027860542,0.9912862848256776,1.0791860574299192e-05
noise,0.463,60,0.9944171529001128,0.9930214411251408,4.701407740023045e-06
noise,0.464,60,0.9933906091805622,0.9917382614757028,1.1122613638573151e-05
noise,0.465,60,0.9935706568261112,0.9919633210326388,1.21644097093296e-05
noise,0.466,60,0.9930952371607912,0.9913690464509888,1.3811422428211846e-05
noise,0.467,60,0.9933495125793992,0.9916868907242492,1.10794199939252e-05
noise,0.468,60,0.9933413964962856,0.9916767456203568,1.0857169155300305e-05
noise,0.469,60,0.9936392021780992,0.9920490027226238,7.592631815635513e-06
noise,0.47,60,0.9926679229285906,0.9908349036607385,1.452368864570422e-05
noise,0.471,60,0.993249250238996,0.9915615627987452,6.901901754027761e-06
noise,0.472,60,0.9928626724720412,0.9910783405900516,1.1374145197993795e-05
noise,0.473,60,0.993303361449809,0.9916292018122616,9.611427637296452e-06
noise,0.474,60,0.992706660945715,0.990883326182144,9.143096751127184e-06
noise,0.475,60,0.9936442481872692,0.9920553102340864,9.694028599412324e-06
noise,0.476,60,0.9928840836227032,0.9911051045283784,1.5286939167085202e-05
noise,0.477,60,0.9935440134811628,0.9919300168514532,8.865113379911078e-06
noise,0.478,60,0.9930842311396078,0.9913552889245094,9.813041501102757e-06
noise,0.479,60,0.9929757598175468,0.9912196997719332,1.3370098338024424e-05
noise,0.48,60,0.9932860711976558,0.9916075889970696,1.5521069195381883e-05
noise,0.481,60,0.9926931429890722,0.9908664287363405,1.171341210975618e-05
noise,0.482,60,0.9928345698391544,0.9910432122989424,1.558534141160871e-05
noise,0.483,60,0.9917456040761948,0.9896820050952434,1.972772646544321e-05
noise,0.484,60,0.9925843600220116,0.9907304500275148,1.543285149612166e-05
noise,0.485,60,0.9926831572873144,0.9908539466091428,1.4777410039002592e-05
noise,0.486,60,0.9929804514474828,0.9912255643093536,1.0615794840486304e-05
noise,0.487,60,0.9925112590687764,0.990639073835971,1.399051714730698e-05
noise,0.488,60,0.9932394247368656,0.9915492809210822,1.1903788926163595e-05
noise,0.489,60,0.9929658892051324,0.9912073615064156,1.3200789150556577e-05
noise,0.49,60,0.9924601166764964,0.9905751458456202,1.3553881619514348e-05
noise,0.491,60,0.9929669953680916,0.9912087442101144,1.079882369564006e-05
noise,0.492,60,0.9921755427666384,0.990219428458298,1.491157876424122e-05
noise,0.493,60,0.9925310176238114,0.9906637720297644,1.2667735610678447e-05
noise,0.494,60,0.9923459560920442,0.9904324451150548,1.4972756017339913e-05
noise,0.495,60,0.9925285018060688,0.990660627257586,1.371182294422998e-05
noise,0.496,60,0.9930781346276778,0.9913476682845972,1.239013187003142e-05
noise,0.497,60,0.9921792912856796,0.9902241141070997,2.016275914906533e-05
noise,0.498,60,0.9924259624901174,0.9905324531126468,1.5034779135349436e-05
noise,0.499,60,0.9923367987744858,0.9904209984681072,1.8351032612760638e-05
noise,0.5,60,0.9925432987935814,0.990679123491977,1.2501637604607952e-05
noise,0.501,60,0.9926836361232148,0.9908545451540184,1.180348020122486e-05
noise,0.502,60,0.99184071539409,0.9898008942426124,2.125379371484095e-05
noise,0.503,60,0.9923392790416994,0.990424098802124,1.5920538127037275e-05
noise,0.504,60,0.9923430925409802,0.9904288656762252,1.2874309109976264e-05
noise,0.505,60,0.9923166778778788,0.990395847347349,1.478830922604853e-05
noise,0.506,60,0.991735067971626,0.989668834964532,1.4593011346943666e-05
noise,0.507,60,0.9922698903156282,0.9903373628945354,1.2229942591997311e-05
noise,0.508,60,0.9923260144759634,0.990407518094954,1.472948206343519e-05
noise,0.509,60,0.9920728122335052,0.9900910152918814,1.0405966603121116e-05
noise,0.51,60,0.9923298496620228,0.9904123120775286,1.5495585554393127e-05
noise,0.511,60,0.9913283533993033,0.9891604417491292,2.4484777115135325e-05
noise,0.512,60,0.9922270241953576,0.9902837802441972,1.3690374780707424e-05
noise,0.513,60,0.9924978381927412,0.9906222977409264,1.2179910824337944e-05
noise,0.514,60,0.9921728750312768,0.990216093789096,1.5937443891008054e-05
noise,0.515,60,0.9919216971767336,0.9899021214709172,1.7072234412868438e-05
noise,0.516,60,0.9917353582067676,0.9896691977584596,2.2844183655116268e-05
noise,0.517,60,0.9921313142088232,0.9901641427610288,1.430529663472922e-05
noise,0.518,60,0.9909554156386992,0.988694269548374,2.457983937025884e-05
noise,0.519,60,0.9915136102260188,0.9893920127825234,1.5328944098210813e-05
noise,0.52,60,0.9912169044960384,0.9890211306200476,1.8067925354435057e-05
noise,0.521,60,0.991937552542423,0.9899219406780289,1.785420452747006e-05
noise,0.522,60,0.9910131772344656,0.988766471543082,2.14333878154048e-05
noise,0.523,60,0.991909496622484,0.9898868707781052,1.9541815552505403e-05
noise,0.524,60,0.9920736856747624,0.9900921070934527,2.0026627776958707e-05
noise,0.525,60,0.9919097363853108,0.9898871704816384,1.1781714893221128e-05
noise,0.526,60,0.9913251395233652,0.9891564244042066,1.969372450727388e-05
noise,0.527,60,0.9920524113039876,0.9900655141299844,1.7791508976836504e-05
noise,0.528,60,0.9910202188409528,0.9887752735511908,2.0427547541027884e-05
noise,0.529,60,0.9909627664584624,0.988703458073078,1.867564985584803e-05
noise,0.53,60,0.991323986630211,0.9891549832877634,2.204140319602426e-05
noise,0.531,60,0.9922999407358531,0.9903749259198164,1.622493405316579e-05
noise,0.532,60,0.9915412647401468,0.9894265809251837,1.7126939470205313e-05
noise,0.533,60,0.9909730264432564,0.9887162830540708,2.628168141615288e-05
noise,0.534,60,0.9918621143486714,0.9898276429358394,2.044417664411553e-05
noise,0.535,60,0.9906629416493566,0.9883286770616956,1.793099502869901e-05
noise,0.536,60,0.991390701575821,0.989238376969776,1.5728401985231407e-05
noise,0.537,60,0.991467222298287,0.9893340278728588,2.822553959656323e-05
noise,0.538,60,0.991040519258714,0.9888006490733924,2.179326546396405e-05
noise,0.539,60,0.9912461660416836,0.9890577075521044,2.164350641969458e-05
noise,0.54,60,0.9917295762989056,0.989661970373632,2.028775033302744e-05
noise,0.541,60,0.991913614831407,0.9898920185392588,2.145129338589152e-05
noise,0.542,60,0.9913965443641845,0.9892456804552304,1.6141122514553814e-05
noise,0.543,60,0.9894968389234668,0.9868710486543336,2.3124297222714605e-05
noise,0.544,60,0.99098427184759,0.9887303398094874,2.1157400546757835e-05
noise,0.545,60,0.99141550997743,0.989269387471787,1.9021851850245192e-05
noise,0.546,60,0.991828091395415,0.9897851142442686,2.084304192013254e-05
noise,0.547,60,0.9911430430135658,0.9889288037669572,2.691838111837937e-05
noise,0.548,60,0.9903552555676972,0.987944069459622,2.4260359563018152e-05
noise,0.549,60,0.990821010918565,0.9885262636482064,2.2625018612617623e-05
noise,0.55,60,0.99126840699512,0.9890855087439004,1.81051555220997e-05
noise,0.551,60,0.9908534722510578,0.988566840313822,2.0054811563130803e-05
noise,0.552,60,0.991005173405168,0.98875646675646,1.6720978716892377e-05
noise,0.553,60,0.9906776111002658,0.988347013875332,1.715429107883162e-05
noise,0.554,60,0.991401510924085,0.9892518886551064,2.272904458110819e-05
noise,0.555,60,0.9908329549302928,0.9885411936628656,1.5636557651618524e-05
noise,0.556,60,0.9916403196548536,0.9895503995685674,1.607795740258584e-05
noise,0.557,60,0.990937702046252,0.9886721275578144,1.4018100985404751e-05
noise,0.558,60,0.9907670195678864,0.9884587744598576,1.9675089657322027e-05
noise,0.559,60,0.9909807210005288,0.9887259012506612,1.583795652131933e-05
noise,0.56,60,0.9909845199253842,0.98873064990673,2.252930012504535e-05
noise,0.561,60,0.9904210143573404,0.9880262679466756,2.8314540538992253e-05
noise,0.562,60,0.9911523779659724,0.9889404724574654,1.543030004591763e-05
noise,0.563,60,0.9900291608864688,0.9875364511080856,2.8319101497217648e-05
noise,0.564,60,0.991166212800196,0.9889577660002454,2.727887849118685e-05
noise,0.565,60,0.9907003615973278,0.9883754519966595,1.633712992993278e-05
noise,0.566,60,0.9902402331425048,0.9878002914281304,2.513394368270279e-05
noise,0.567,60,0.9915837367392876,0.9894796709241096,1.559759357045578e-05
noise,0.568,60,0.9894289362880432,0.9867861703600536,2.6154581558103443e-05
noise,0.569,60,0.9898164393610928,0.987270549201366,3.206921900347813e-05
noise,0.57,60,0.989568811013542,0.9869610137669276,3.5792139518231073e-05
noise,0.571,60,0.9913576761648843,0.9891970952061052,1.6221429905357447e-05
noise,0.572,60,0.9908086689632362,0.988510836204045,2.11890649172018e-05
noise,0.573,60,0.9896897461736508,0.9871121827170636,3.151299396440951e-05
noise,0.574,60,0.9897113812433304,0.9871392265541632,2.963002065985758e-05
noise,0.575,60,0.9897751624768684,0.9872189530960856,3.124150173385934e-05
noise,0.576,60,0.9901904679918664,0.9877380849898328,2.456341950075945e-05
noise,0.577,60,0.9900810585272052,0.9876013231590064,2.2596655397483983e-05
noise,0.578,60,0.9895790232913404,0.9869737791141756,2.6935818660982912e-05
noise,0.579,60,0.9900660878150962,0.9875826097688702,1.5433881704494507e-05
noise,0.58,60,0.9899153740619218,0.9873942175774022,2.244440977287956e-05
noise,0.581,60,0.9896580234782416,0.9870725293478018,3.594715071854498e-05
noise,0.582,60,0.9897532197380124,0.9871915246725156,2.249970152977447e-05
noise,0.583,60,0.9893244410983902,0.986655551372988,3.837949177621167e-05
noise,0.584,60,0.9908122618334962,0.9885153272918704,1.5356275984591263e-05
noise,0.585,60,0.9898505900163532,0.9873132375204416,2.408379961031395e-05
noise,0.586,60,0.9897276181915224,0.9871595227394032,2.6535879590488067e-05
noise,0.587,60,0.9902398054882736,0.987799756860342,2.543120405095181e-05
noise,0.588,60,0.9894902512943688,0.986862814117961,3.307113997790897e-05
noise,0.589,60,0.9899981669635972,0.987497708704496,3.326074322610849e-05
noise,0.59,60,0.9895344161411204,0.9869180201764004,3.675150824485394e-05
noise,0.591,60,0.98968953881738,0.9871119235217248,3.115753211832477e-05
noise,0.592,60,0.9897638331447624,0.987204791430953,2.3726241716653047e-05
noise,0.593,60,0.9891271135314454,0.9864088919143068,3.761933357073202e-05
noise,0.594,60,0.989486305282269,0.9868578816028364,2.7874154354916792e-05
noise,0.595,60,0.989936557084673,0.9874206963558412,2.63797218926059e-05
noise,0.596,60,0.9899994606292496,0.9874993257865616,2.0789202005712027e-05
noise,0.597,60,0.990022157362597,0.987527696703246,3.220881821918182e-05
noise,0.598,60,0.989781061252652,0.9872263265658148,3.411470655119767e-05
noise,0.599,60,0.9896883638867892,0.9871104548584868,3.7578416100137e-05
noise,0.6,60,0.9893062617234016,0.9866328271542524,2.3484305661071155e-05
noise,0.601,60,0.989364130560386,0.9867051632004824,1.999303262893343e-05
noise,0.602,60,0.9895617578331812,0.9869521972914764,2.032752007859777e-05
noise,0.603,60,0.9892476817634483,0.9865596022043104,2.009339974308684e-05
noise,0.604,60,0.9903426741746384,0.987928342718298,2.021852317703337e-05
noise,0.605,60,0.9892979586562244,0.9866224483202808,2.8296727668229483e-05
noise,0.606,60,0.9887194129930912,0.985899266241364,3.331547091759784e-05
noise,0.607,60,0.989328656405612,0.9866608205070152,2.485850003144988e-05
noise,0.608,60,0.9895065541080922,0.986883192635115,2.8651385007814164e-05
noise,0.609,60,0.988214763426464,0.9852684542830804,3.0583216107194844e-05
noise,0.61,60,0.9889743971243684,0.9862179964054606,3.2846230953849914e-05
noise,0.611,60,0.987936792683008,0.98492099085376,4.073473061470832e-05
noise,0.612,60,0.989561599643563,0.986951999554454,3.287981320962482e-05
noise,0.613,60,0.9879555706361672,0.984944463295209,3.79381792362509e-05
noise,0.614,60,0.9897806687732816,0.9872258359666024,2.444436125099607e-05
noise,0.615,60,0.9889510320318848,0.986188790039856,3.3417316577888526e-05
noise,0.616,60,0.988870051020049,0.9860875637750612,3.367470398059272e-05
noise,0.617,60,0.9888493931183512,0.9860617413979392,6.151919052085799e-05
noise,0.618,60,0.989683058645761,0.9871038233072011,1.976519404732286e-05
noise,0.619,60,0.9886942251077164,0.9858677813846454,3.1583657366399256e-05
noise,0.62,60,0.9876853788793856,0.9846067235992316,3.2360225713381344e-05
noise,0.621,60,0.9878467161737052,0.9848083952171316,3.111567366745579e-05
noise,0.622,60,0.9891073028618728,0.9863841285773408,2.8058297870601148e-05
noise,0.623,60,0.9889008054156042,0.9861260067695052,3.431393188675256e-05
noise,0.624,60,0.9884742937893092,0.9855928672366367,2.5996843866194743e-05
noise,0.625,60,0.9882920368613238,0.985365046076655,3.0224966570395537e-05
noise,0.626,60,0.9872859685259012,0.9841074606573764,5.01811117260964e-05
noise,0.627,60,0.9879585392925766,0.9849481741157206,3.342876986196327e-05
noise,0.628,60,0.9882114133887768,0.985264266735971,4.494848523051835e-05
noise,0.629,60,0.988152876868295,0.9851910960853684,3.3340565723443e-05
noise,0.63,60,0.9887624188350156,0.9859530235437696,4.061410448963501e-05
noise,0.631,60,0.9880786020219452,0.9850982525274314,3.881859990787347e-05
noise,0.632,60,0.9877780704096192,0.9847225880120238,4.586948669765302e-05
noise,0.633,60,0.9883144581108934,0.9853930726386168,3.0106612540050355e-05
noise,0.634,60,0.9879078811909464,0.984884851488683,4.307171084317256e-05
noise,0.635,60,0.9884237617654006,0.9855297022067504,2.241477233806061e-05
noise,0.636,60,0.988468197769037,0.985585247211296,3.996433148748865e-05
noise,0.637,60,0.9886287689338248,0.9857859611672808,5.069242352785168e-05
noise,0.638,60,0.9883270358377786,0.9854087947972234,3.438285017831764e-05
noise,0.639,60,0.987825077550224,0.98478134693778,4.710604132732433e-05
noise,0.64,60,0.988134199676496,0.9851677495956198,2.9228626074646823e-05
noise,0.641,60,0.9882812606045022,0.9853515757556276,3.921418446355306e-05
noise,0.642,60,0.9884951713350836,0.9856189641688544,2.4409624345208383e-05
noise,0.643,60,0.9878467532930402,0.9848084416163004,3.664905733510539e-05
noise,0.644,60,0.9879442060414416,0.984930257551802,4.773460727220591e-05
noise,0.645,60,0.9881933632004126,0.9852417040005156,4.946805509392228e-05
noise,0.646,60,0.9874256062344712,0.9842820077930888,3.861494846424945e-05
noise,0.647,60,0.9867123334294492,0.9833904167868114,5.90082644662472e-05
noise,0.648,60,0.9876332260776206,0.9845415325970256,3.591805948040963e-05
noise,0.649,60,0.9869252969451447,0.9836566211814308,5.602326572000113e-05
noise,0.65,60,0.9882619221955348,0.9853274027444184,2.6034825814942815e-05
noise,0.651,60,0.988148380181049,0.9851854752263116,4.795930480219966e-05
noise,0.652,60,0.9867574448673536,0.9834468060841918,3.693185276810749e-05
noise,0.653,60,0.9875082614536964,0.9843853268171202,5.2080830613471845e-05
noise,0.654,60,0.9874245649217428,0.9842807061521788,3.619191988358608e-05
noise,0.655,60,0.9877433066750418,0.984679133343802,4.1246149431313655e-05
noise,0.656,60,0.986714001017952,0.98339250127244,5.464842891449538e-05
noise,0.657,60,0.9874259681346814,0.9842824601683516,3.4608720625689795e-05
noise,0.658,60,0.9871435694911176,0.9839294618638968,3.8178951522397e-05
noise,0.659,60,0.988243564427918,0.985304455534898,3.5650824911485995e-05
noise,0.66,60,0.988750466400044,0.9859380830000548,2.739701341117882e-05
noise,0.661,60,0.9884630155658076,0.9855787694572594,3.760849258549469e-05
noise,0.662,60,0.9876171310565266,0.9845214138206582,4.608298155218766e-05
noise,0.663,60,0.9877256470579362,0.9846570588224204,4.214274098625753e-05
noise,0.664,60,0.9879320470066596,0.9849150587583244,3.869484886972781e-05
noise,0.665,60,0.9879431480446468,0.984928935055808,4.685199866374364e-05
noise,0.666,60,0.9870754153518346,0.9838442691897934,5.073596071167959e-05
noise,0.667,60,0.9873850713609376,0.984231339201172,4.384696910482729e-05
noise,0.668,60,0.9869873797052297,0.9837342246315368,4.222774802109816e-05
noise,0.669,60,0.9876226275499572,0.9845282844374466,3.6005819411327634e-05
noise,0.67,60,0.9864527867244428,0.9830659834055532,4.907417547758623e-05
noise,0.671,60,0.9883399021556144,0.9854248776945176,3.148627162367805e-05
noise,0.672,60,0.9870218226363928,0.983777278295491,4.769318895969379e-05
noise,0.673,60,0.9874989671666298,0.984373708958287,3.371578588854718e-05
noise,0.674,60,0.9869706197270208,0.983713274658776,5.118862022608633e-05
noise,0.675,60,0.9877568960354814,0.9846961200443516,3.092934703619544e-05
noise,0.676,60,0.9858395369312484,0.9822994211640608,6.512933179236612e-05
noise,0.677,60,0.9860546278318671,0.9825682847898338,5.406316161039736e-05
noise,0.678,60,0.9875964066285956,0.9844955082857446,3.522354602334004e-05
noise,0.679,60,0.9870348098922268,0.9837935123652836,3.2099845102567216e-05
noise,0.68,60,0.9869507532385228,0.9836884415481536,5.346027051512289e-05
noise,0.681,60,0.9861108443176878,0.9826385553971098,4.202155887381069e-05
noise,0.682,60,0.9870077237080508,0.9837596546350637,4.343985147104657e-05
noise,0.683,60,0.9875464422114212,0.9844330527642768,3.518553432739202e-05
noise,0.684,60,0.986948107934186,0.983685134917732,3.134427600579014e-05
noise,0.685,60,0.986130764091668,0.982663455114585,3.775663215286412e-05
noise,0.686,60,0.988647514172984,0.98580939271623,4.089735342555304e-05
noise,0.687,60,0.987188812418898,0.9839860155236227,3.5532772725201146e-05
noise,0.688,60,0.9866872993078748,0.9833591241348436,3.5102155545743844e-05
noise,0.689,60,0.9865002993824372,0.9831253742280466,4.341324227889578e-05
noise,0.69,60,0.9868158839445048,0.983519854930631,6.787106016584735e-05
noise,0.691,60,0.9869981939628092,0.9837477424535114,3.76762551109584e-05
noise,0.692,60,0.9866360606602972,0.9832950758253712,5.6485757891477873e-05
noise,0.693,60,0.9861218245204482,0.9826522806505604,3.711481249266093e-05
noise,0.694,60,0.9857580304467004,0.9821975380583754,4.28386251039105e-05
noise,0.695,60,0.9854945014921648,0.981868126865206,5.793621042141461e-05
noise,0.696,60,0.986281629157304,0.98285203644663,4.901148127952938e-05
noise,0.697,60,0.9866841050626608,0.9833551313283256,4.6830570312797385e-05
noise,0.698,60,0.985947673704532,0.9824345921306646,5.23129281625683e-05
noise,0.699,60,0.9857418599946391,0.9821773249932992,5.68896692289616e-05
noise,0.7,60,0.986841499166584,0.9835518739582304,2.746109958680126e-05
noise,0.701,60,0.9849716511594736,0.981214563949342,6.335320320520299e-05
noise,0.702,60,0.9856801428323824,0.982100178540478,3.839078289544619e-05
noise,0.703,60,0.9862200443073096,0.9827750553841368,3.838855200058192e-05
noise,0.704,60,0.9847871827624312,0.980983978453039,6.852998431605585e-05
noise,0.705,60,0.9860246926990414,0.9825308658738016,7.048965977417908e-05
noise,0.706,60,0.9846215438792036,0.9807769298490048,4.328502748070066e-05
noise,0.707,60,0.9854048053355589,0.9817560066694484,6.204774023223083e-05
noise,0.708,60,0.9873691282976648,0.9842114103720808,4.2449337006705446e-05
noise,0.709,60,0.9850115651016886,0.9812644563771106,5.065243867292711e-05
noise,0.71,60,0.9842919438650384,0.9803649298312976,5.833350698744751e-05
noise,0.711,60,0.9861513196631764,0.9826891495789702,4.108752169761123e-05
noise,0.712,60,0.985919885805518,0.9823998572568976,5.41512748230697e-05
noise,0.713,60,0.987101980905237,0.9838774761315462,3.5817328363614646e-05
noise,0.714,60,0.9853680313193904,0.9817100391492382,5.91333537360484e-05
noise,0.715,60,0.98709687695452,0.9838710961931502,4.347084936388247e-05
noise,0.716,60,0.9859074090342164,0.9823842612927705,5.275329809953251e-05
noise,0.717,60,0.9856439451810696,0.9820549314763366,5.550938460650895e-05
noise,0.718,60,0.9863580066464306,0.9829475083080385,5.249789585942486e-05
noise,0.719,60,0.9862284962786528,0.9827856203483162,4.059254096122159e-05
noise,0.72,60,0.9844016712652988,0.9805020890816234,6.866351704206203e-05
noise,0.721,60,0.9850699611682544,0.981337451460318,5.313242779744908e-05
noise,0.722,60,0.9846954495015408,0.9808693118769258,7.295638374015502e-05
noise,0.723,60,0.9870256549182396,0.9837820686477996,3.0437348736819956e-05
noise,0.724,60,0.9846411583074094,0.980801447884262,4.1588754529917735e-05
noise,0.725,60,0.9850075635792368,0.981259454474046,6.623441151715231e-05
noise,0.726,60,0.984941085034436,0.9811763562930448,6.146214721395456e-05
noise,0.727,60,0.9856194643802658,0.9820243304753324,7.49117330990684e-05
noise,0.728,60,0.985770824957162,0.9822135311964524,5.254472716159911e-05
noise,0.729,60,0.9859699743682092,0.9824624679602614,3.9222550504539264e-05
noise,0.73,60,0.986409291298218,0.9830116141227724,4.569053330641846e-05
noise,0.731,60,0.9856391330277726,0.9820489162847158,5.4160551169534014e-05
noise,0.732,60,0.985821180203316,0.9822764752541452,7.28652952195588e-05
noise,0.733,60,0.9853408883078124,0.9816761103847657,5.6728184841912646e-05
noise,0.734,60,0.984884603798902,0.9811057547486276,7.314980875801985e-05
noise,0.735,60,0.984169823488533,0.980212279360666,7.893504173691253e-05
noise,0.736,60,0.985055101089418,0.9813188763617724,4.560047397285771e-05
noise,0.737,60,0.9839301805314752,0.9799127256643436,9.17308811110822e-05
noise,0.738,60,0.9833082618563456,0.979135327320432,7.42308612529606e-05
noise,0.739,60,0.984994207948946,0.9812427599361824,4.948114444788971e-05
noise,0.74,60,0.9851634807083332,0.9814543508854164,6.573988037160342e-05
noise,0.741,60,0.9837400020429696,0.979675002553712,6.160233243592476e-05
noise,0.742,60,0.9842692036114532,0.9803365045143164,4.208369994681144e-05
noise,0.743,60,0.9858921469951089,0.9823651837438862,5.963084860544664e-05
noise,0.744,60,0.9847211294696891,0.9809014118371112,5.643728426252031e-05
noise,0.745,60,0.9835910127657848,0.9794887659572308,5.964848974218964e-05
noise,0.746,60,0.9838218902364592,0.9797773627955738,6.861158783878664e-05
noise,0.747,60,0.9832443351218076,0.9790554189022592,0.0001000678904709
noise,0.748,60,0.983436283364203,0.9792953542052536,9.038876433250286e-05
noise,0.749,60,0.9834967620487975,0.9793709525609968,5.699495695855664e-05
noise,0.75,60,0.984976039772501,0.9812200497156262,5.463247965328865e-05
noise,0.751,60,0.9851684380330218,0.981460547541277,4.422938198196513e-05
noise,0.752,60,0.984480927994486,0.9806011599931076,8.380710261572076e-05
noise,0.753,60,0.9843886807930562,0.98048585099132,7.153092059916723e-05
noise,0.754,60,0.9831039468420624,0.978879933552578,5.441776632619391e-05
noise,0.755,60,0.9830981454192228,0.9788726817740284,0.0001095280752717
noise,0.756,60,0.9847561533669904,0.9809451917087376,4.021664179235034e-05
noise,0.757,60,0.9844891571220992,0.9806114464026242,8.543384371950216e-05
noise,0.758,60,0.9827237546952516,0.9784046933690648,8.822515538107707e-05
noise,0.759,60,0.9838320756211998,0.9797900945264996,7.18217765411279e-05
noise,0.76,60,0.9832825487202844,0.9791031859003554,6.478120440937554e-05
noise,0.761,60,0.9844722111209528,0.9805902639011912,4.473751551652216e-05
noise,0.762,60,0.9829641999777202,0.9787052499721504,8.145211413683339e-05
noise,0.763,60,0.9834154205900392,0.9792692757375488,7.087879352269447e-05
noise,0.764,60,0.9826223810346728,0.9782779762933408,9.19112456940546e-05
noise,0.765,60,0.9834201857969912,0.9792752322462392,6.933553187666733e-05
noise,0.766,60,0.9831786299799364,0.9789732874749204,5.755483566243607e-05
noise,0.767,60,0.98429436892009,0.9803679611501124,5.518566211446577e-05
noise,0.768,60,0.9843403820188394,0.9804254775235492,4.295693055393464e-05
noise,0.769,60,0.982457433621876,0.978071792027345,6.392364821853461e-05
noise,0.77,60,0.98455021524613,0.9806877690576626,6.845297168590114e-05
noise,0.771,60,0.9841321324960938,0.9801651656201172,5.73966780116394e-05
noise,0.772,60,0.9834435878257418,0.9793044847821774,4.806519015119447e-05
noise,0.773,60,0.9844249439819668,0.9805311799774584,5.8410247504752e-05
noise,0.774,60,0.9825923138574194,0.9782403923217742,9.190362590334848e-05
noise,0.775,60,0.9826609909480412,0.9783262386850516,5.220091066330972e-05
noise,0.776,60,0.9847346270630176,0.980918283828772,5.071109431897343e-05
noise,0.777,60,0.9828968216097258,0.978621027012157,6.108487532934851e-05
noise,0.778,60,0.9857057655425456,0.9821322069281824,4.730885494315459e-05
noise,0.779,60,0.9833766037162496,0.979220754645312,8.080822059838215e-05
noise,0.78,60,0.9812171506755012,0.9765214383443764,5.721093905021174e-05
noise,0.781,60,0.9831469281330496,0.978933660166312,8.935707946430077e-05
noise,0.782,60,0.9847108099565848,0.9808885124457306,3.748683941451418e-05
noise,0.783,60,0.9844461041305947,0.9805576301632436,4.381911138478301e-05
noise,0.784,60,0.9829531901222708,0.9786914876528384,8.256829196161019e-05
noise,0.785,60,0.9819501649600368,0.9774377062000456,9.110517192678744e-05
noise,0.786,60,0.9820149162364652,0.9775186452955816,7.475971825840641e-05
noise,0.787,60,0.9821808688642928,0.977726086080366,8.728828960047288e-05
noise,0.788,60,0.982339159857046,0.9779239498213071,8.260792796022276e-05
noise,0.789,60,0.9817335639313384,0.9771669549141728,7.773745630830142e-05
noise,0.79,60,0.9816317175093442,0.97703964688668,9.815556714870056e-05
noise,0.791,60,0.9815702045383962,0.9769627556729952,0.0001426299779158
noise,0.792,60,0.9829770679361116,0.9787213349201396,6.936600697466211e-05
noise,0.793,60,0.9837108108365472,0.979638513545684,5.579866901277673e-05
noise,0.794,60,0.9816231750204338,0.9770289687755424,0.0001033454164526
noise,0.795,60,0.9807849587862476,0.9759811984828092,0.0001126599109272
noise,0.796,60,0.9810213076741952,0.976276634592744,9.81435057557666e-05
noise,0.797,60,0.9828824227332597,0.9786030284165744,6.452513090602339e-05
noise,0.798,60,0.982822925783838,0.9785286572297978,7.635822121567587e-05
noise,0.799,60,0.984999719917921,0.9812496498974012,5.6613940770541305e-05
noise,0.8,60,0.9810253387182593,0.976281673397824,6.0676634458598255e-05
noise,0.801,60,0.9815895119532366,0.9769868899415458,8.449798946160944e-05
noise,0.802,60,0.981329361780643,0.9766617022258038,9.190115843713998e-05
noise,0.803,60,0.981483743451866,0.9768546793148324,0.000136833213984
noise,0.804,60,0.9815063396855174,0.9768829246068969,0.0001004824733485
noise,0.805,60,0.9812927686201884,0.9766159607752356,7.677486473987603e-05
noise,0.806,60,0.9820863672919272,0.9776079591149088,0.0001240163395717
noise,0.807,60,0.9823185459980336,0.977898182497542,7.928349578927294e-05
noise,0.808,60,0.9808272349394322,0.9760340436742904,7.158217077624339e-05
noise,0.809,60,0.9822864409384509,0.9778580511730632,7.285713958302622e-05
noise,0.81,60,0.9823625304370694,0.9779531630463364,6.75545390375116e-05
noise,0.811,60,0.9805870755970836,0.9757338444963548,0.0001088697185375
noise,0.812,60,0.980829990889708,0.9760374886121352,0.0001016377526317
noise,0.813,60,0.9825098992853352,0.9781373741066692,7.997728239476374e-05
noise,0.814,60,0.9813228847756889,0.976653605969611,9.042544152034308e-05
noise,0.815,60,0.9806733500998714,0.9758416876248392,8.195947827275051e-05
noise,0.816,60,0.9793246340773374,0.9741557925966718,0.0001095752137092
noise,0.817,60,0.982400970938148,0.978001213672685,6.183014943197433e-05
noise,0.818,60,0.9815515415328868,0.9769394269161084,9.2496576666315e-05
noise,0.819,60,0.979831678038821,0.974789597548526,9.71200280705886e-05
noise,0.82,60,0.9814497312408564,0.9768121640510704,8.983075805263965e-05
noise,0.821,60,0.9812347957257082,0.9765434946571352,8.489692302793648e-05
noise,0.822,60,0.9801346322539128,0.9751682903173912,8.994527387047776e-05
noise,0.823,60,0.9814083962483708,0.9767604953104634,0.0001024235717037
noise,0.824,60,0.9816455954747968,0.977056994343496,9.043223478006768e-05
noise,0.825,60,0.9813025039935446,0.9766281299919306,6.763642957592419e-05
noise,0.826,60,0.9818717604727828,0.9773397005909784,6.659359210653617e-05
noise,0.827,60,0.9817899592980712,0.9772374491225888,6.442948566341462e-05
noise,0.828,60,0.983176204213734,0.9789702552671674,6.510200702030578e-05
noise,0.829,60,0.9789887801302496,0.973735975162812,0.0001505077681086
noise,0.83,60,0.981979832990907,0.9774747912386338,9.255788425268376e-05
noise,0.831,60,0.981504709817473,0.976880887271841,8.425796724417759e-05
noise,0.832,60,0.9795364798800436,0.9744205998500544,0.0001097257025793
noise,0.833,60,0.9810860924988444,0.9763576156235556,8.693527254241754e-05
noise,0.834,60,0.9807243329766692,0.9759054162208362,8.503222686723008e-05
noise,0.835,60,0.9821610938487734,0.9777013673109668,5.719449303054475e-05
noise,0.836,60,0.9816837974665432,0.9771047468331788,7.110208709473757e-05
noise,0.837,60,0.9800879083031871,0.975109885378984,0.0001317813808281
noise,0.838,60,0.9818524718413156,0.9773155898016443,0.0001135732099411
noise,0.839,60,0.9811659757351792,0.976457469668974,8.963768823584864e-05
noise,0.84,60,0.9808212877638524,0.9760266097048156,0.0001236973744299
noise,0.841,60,0.9804492366423684,0.9755615458029604,8.95638695677571e-05
noise,0.842,60,0.9799915438931116,0.9749894298663891,9.131910615366412e-05
noise,0.843,60,0.9802511661087906,0.9753139576359884,9.33326738257738e-05
noise,0.844,60,0.9805907439535088,0.9757384299418858,0.0001073306066776
noise,0.845,60,0.9782829684465532,0.9728537105581916,0.0001287776122172
noise,0.846,60,0.9806180178691016,0.9757725223363772,9.351648435252885e-05
noise,0.847,60,0.9801207380079748,0.9751509225099682,0.0001027759831895
noise,0.848,60,0.9805787158860688,0.975723394857586,8.614771777037935e-05
noise,0.849,60,0.9807093414222394,0.9758866767777988,9.750528116887109e-05
noise,0.85,60,0.9807677088190148,0.9759596360237685,8.891742831579467e-05
noise,0.851,60,0.9805503857086908,0.9756879821358636,9.44324255442137e-05
noise,0.852,60,0.980105729246702,0.9751321615583776,7.350865714584463e-05
noise,0.853,60,0.9797599199224284,0.9746998999030352,0.0001081340346773
noise,0.854,60,0.9805068684926516,0.9756335856158146,8.519381725459535e-05
noise,0.855,60,0.980626499034924,0.9757831237936548,9.34482595607208e-05
noise,0.856,60,0.9774227724750713,0.9717784655938392,0.0001182260933632
noise,0.857,60,0.982572617276515,0.9782157715956434,9.103444223435676e-05
noise,0.858,60,0.9790829622952222,0.9738537028690276,0.0001210570645972
noise,0.859,60,0.9802877342915576,0.9753596678644468,9.909700736904751e-05
noise,0.86,60,0.980890307135124,0.9761128839189048,5.389196861622114e-05
noise,0.861,60,0.9811637481824912,0.976454685228114,8.258882020944535e-05
noise,0.862,60,0.97914918620803,0.9739364827600372,8.640139905017698e-05
noise,0.863,60,0.9805064485374728,0.9756330606718407,0.000115517958489
noise,0.864,60,0.9778077580441118,0.9722596975551396,0.000130361114536
noise,0.865,60,0.9779250990767124,0.9724063738458902,0.0001399185797757
noise,0.866,60,0.9792575715755488,0.974071964469436,0.0001021937917873
noise,0.867,60,0.9790469542989024,0.973808692873628,0.0001257194959005
noise,0.868,60,0.9799146560802818,0.974893320100352,9.903294327703571e-05
noise,0.869,60,0.9805560529585536,0.975695066198192,8.584454405397173e-05
noise,0.87,60,0.978644184263968,0.9733052303299596,8.01115120927919e-05
noise,0.871,60,0.9807126621457766,0.9758908276822208,0.0001045333169975
noise,0.872,60,0.9792454393762716,0.9740567992203394,0.0001207270385474
noise,0.873,60,0.97974125887596,0.97467657359495,0.0001245403677299
noise,0.874,60,0.9780658184570143,0.9725822730712682,0.0001436462963391
noise,0.875,60,0.9796270899173968,0.9745338623967458,9.859743519201223e-05
noise,0.876,60,0.9786573755919328,0.9733217194899156,0.0001026014243285
noise,0.877,60,0.97830407215336,0.9728800901917002,0.0001064341797167
noise,0.878,60,0.9792798279021984,0.974099784877748,0.0001062974106036
noise,0.879,60,0.9793004507239428,0.9741255634049288,0.000126403705415
noise,0.88,60,0.9779022489998856,0.9723778112498568,9.363459232498358e-05
noise,0.881,60,0.9799462970310486,0.9749328712888112,8.096265867953324e-05
noise,0.882,60,0.9783696547060222,0.9729620683825276,8.216039076455823e-05
noise,0.883,60,0.978830388834603,0.9735379860432538,0.0001000172576747
noise,0.884,60,0.9791620560961176,0.9739525701201468,9.51478277217967e-05
noise,0.885,60,0.977774946418444,0.9722186830230548,0.0001134013063493
noise,0.886,60,0.9803339220959836,0.9754174026199796,7.126568344471158e-05
noise,0.887,60,0.9770528176978716,0.9713160221223396,0.0001831686434432
noise,0.888,60,0.9799518468652666,0.9749398085815834,9.387823117766747e-05
noise,0.889,60,0.9788126259412891,0.9735157824266116,0.0001158156482815
noise,0.89,60,0.9779813875260348,0.9724767344075436,0.0001160368413037
noise,0.891,60,0.9790584916244855,0.9738231145306068,0.0001048670859469
noise,0.892,60,0.9783209112208572,0.9729011390260712,0.0001015957141408
noise,0.893,60,0.9767939128681612,0.9709923910852016,0.0001781235752949
noise,0.894,60,0.9780919200766128,0.9726149000957656,0.0001220483461222
noise,0.895,60,0.9789887487850184,0.973735935981273,8.75005204113581e-05
noise,0.896,60,0.9775747664004308,0.9719684580005384,0.0001194002011119
noise,0.897,60,0.9783294646673084,0.9729118308341356,0.0001266297989786
noise,0.898,60,0.9782623848754892,0.9728279810943614,9.249068121362651e-05
noise,0.899,60,0.9788402999399872,0.973550374924984,0.0001208242891733
noise,0.9,60,0.9768685736793284,0.9710857170991604,7.996862807747558e-05
noise,0.901,60,0.9787715720982434,0.973464465122804,6.343235784789586e-05
noise,0.902,60,0.9795183322664536,0.9743979153330672,7.911873998959046e-05
noise,0.903,60,0.9777920291991112,0.9722400364988892,0.0001423642285659
noise,0.904,60,0.97730830065285,0.9716353758160622,0.0001244451544245
noise,0.905,60,0.9773064456826256,0.9716330571032822,0.0001583318752521
noise,0.906,60,0.979462127821169,0.9743276597764612,9.986442052214844e-05
noise,0.907,60,0.9774866260432958,0.97185828255412,0.0001345144335915
noise,0.908,60,0.975608990543464,0.96951123817933,0.0001345958178346
noise,0.909,60,0.9777665993741348,0.9722082492176686,0.0001393846539857
noise,0.91,60,0.9764168831788992,0.9705211039736242,0.0001919677291241
noise,0.911,60,0.9790513061891354,0.9738141327364191,9.156651011813798e-05
noise,0.912,60,0.9774056047226062,0.9717570059032578,0.0001290495664597
noise,0.913,60,0.9783435170499052,0.9729293963123816,0.0001253260001844
noise,0.914,60,0.9745950026804922,0.9682437533506152,0.0001488583672442
noise,0.915,60,0.97856196676005,0.9732024584500624,0.0001288866811331
noise,0.916,60,0.9777794155249092,0.9722242694061364,0.0001008777288762
noise,0.917,60,0.9737399785940826,0.9671749732426028,0.0001491194010192
noise,0.918,60,0.9762028069947076,0.9702535087433845,0.0001106090381047
noise,0.919,60,0.9751204431472644,0.9689005539340804,0.0001749870703067
noise,0.92,60,0.9749550406193728,0.968693800774216,0.0001768696490891
noise,0.921,60,0.976923326604072,0.9711541582550898,0.000101603436825
noise,0.922,60,0.978043149511835,0.9725539368897936,0.0001023445949356
noise,0.923,60,0.9776570102855132,0.9720712628568912,0.0001800233230479
noise,0.924,60,0.9774162195011596,0.9717702743764496,0.0001752832298016
noise,0.925,60,0.9753908419864864,0.969238552483108,0.0001144169678271
noise,0.926,60,0.9767606582193402,0.9709508227741752,0.0001699235209883
noise,0.927,60,0.9729965941162232,0.966245742645279,0.0001448625447946
noise,0.928,60,0.979232620194264,0.97404077524283,6.448230688692817e-05
noise,0.929,60,0.9760163742560256,0.9700204678200322,0.0001312899245528
noise,0.93,60,0.9755435510999764,0.9694294388749706,0.0001460891966408
noise,0.931,60,0.975903816379881,0.9698797704748514,0.000267117492141
noise,0.932,60,0.9760650839359832,0.9700813549199792,0.0001388321773829
noise,0.933,60,0.973900348851442,0.9673754360643024,0.0001519529169945
noise,0.934,60,0.9775965941210626,0.9719957426513284,0.000271331208221
noise,0.935,60,0.9793027777129388,0.9741284721411738,7.96289338705137e-05
noise,0.936,60,0.9760308132888847,0.9700385166111062,0.0001323039906639
noise,0.937,60,0.977763237607454,0.9722040470093176,0.0001119316667173
noise,0.938,60,0.9758812168137764,0.9698515210172202,0.0001900521423656
noise,0.939,60,0.9777103902405108,0.9721379878006384,0.0001642244766803
noise,0.94,60,0.9755066872684311,0.9693833590855392,0.0001196807386427
noise,0.941,60,0.974799986787342,0.968499983484178,0.0001894880640944
noise,0.942,60,0.9772228285510977,0.971528535688872,0.0001515078674459
noise,0.943,60,0.976969025075137,0.9712112813439217,0.0001537489322391
noise,0.944,60,0.9740106025754408,0.9675132532193008,0.0001586728932154
noise,0.945,60,0.9752688517597884,0.9690860646997356,0.0001709203646119
noise,0.946,60,0.9745124150279508,0.9681405187849385,0.0001338802689172
noise,0.947,60,0.9741196757999318,0.9676495947499146,0.0001490261520785
noise,0.948,60,0.975436557981068,0.969295697476335,0.0002058858484289
noise,0.949,60,0.9750640968960362,0.9688301211200452,0.0001838115054832
noise,0.95,60,0.974854522013456,0.9685681525168198,0.0001915868966144
noise,0.951,60,0.9761261844241512,0.9701577305301894,0.0001243457446785
noise,0.952,60,0.9755469700580026,0.9694337125725034,0.0001959924250897
noise,0.953,60,0.9732795619583444,0.9665994524479308,0.0002941029668808
noise,0.954,60,0.9762411944841964,0.9703014931052454,0.0001142339778648
noise,0.955,60,0.9766691842593932,0.9708364803242414,0.0001571482717486
noise,0.956,60,0.9777582102650768,0.9721977628313458,0.0001240517895937
noise,0.957,60,0.9756778100281908,0.9695972625352386,0.0001494632739511
noise,0.958,60,0.9742768914063092,0.9678461142578862,0.000146645303973
noise,0.959,60,0.9758204146030924,0.969775518253866,0.0001219963248558
noise,0.96,60,0.9733944326286632,0.966743040785829,0.0002125348019472
noise,0.961,60,0.9748504724067928,0.9685630905084908,0.0001280963592841
noise,0.962,60,0.9743097974494288,0.967887246811786,0.0001570290764763
noise,0.963,60,0.9737418547519112,0.9671773184398887,0.0001338225370854
noise,0.964,60,0.976676162303194,0.9708452028789925,0.0001740513965053
noise,0.965,60,0.9743914442128468,0.9679893052660586,0.0001402428822464
noise,0.966,60,0.9749187593834258,0.9686484492292824,0.0001759884699735
noise,0.967,60,0.9753657614506543,0.969207201813318,9.55721230742647e-05
noise,0.968,60,0.9755715377385438,0.9694644221731792,0.0001800908627044
noise,0.969,60,0.9751942962816044,0.9689928703520052,0.0001378290494704
noise,0.97,60,0.9726328064543242,0.9657910080679052,0.0002028640880607
noise,0.971,60,0.9752508478065572,0.9690635597581962,0.0001999036173345
noise,0.972,60,0.976639248098536,0.97079906012317,0.0001273520032198
noise,0.973,60,0.9755395091288034,0.969424386411004,0.0001850101784204
noise,0.974,60,0.97267142753133,0.9658392844141624,0.000126569996131
noise,0.975,60,0.9750207898501037,0.9687759873126296,0.0001413190687435
noise,0.976,60,0.9729005143816084,0.9661256429770104,0.0001269041305709
noise,0.977,60,0.9757439116030064,0.9696798895037584,0.0001368462388037
noise,0.978,60,0.972877407569569,0.9660967594619614,0.0001566861762873
noise,0.979,60,0.9751547535872952,0.9689434419841187,0.0001565492528194
noise,0.98,60,0.976440809730688,0.97055101216336,0.0001347336049345
noise,0.981,60,0.9744093280969912,0.968011660121239,0.0001462762039715
noise,0.982,60,0.9749811218530616,0.968726402316327,0.0001563636173967
noise,0.983,60,0.9750453948170712,0.9688067435213388,0.0001260258194518
noise,0.984,60,0.9759654169414428,0.9699567711768036,0.0001187203881966
noise,0.985,60,0.9748385979432292,0.9685482474290364,0.0001073552974342
noise,0.986,60,0.9743746105948274,0.9679682632435344,0.0001253345115239
noise,0.987,60,0.973149095807286,0.9664363697591076,0.0001622779327422
noise,0.988,60,0.9732014465278926,0.9665018081598656,0.0002406064842947
noise,0.989,60,0.9747343696110214,0.968417962013777,0.00019550511583
noise,0.99,60,0.9740068952151072,0.967508619018884,0.0001524761753597
noise,0.991,60,0.9752358603982144,0.969044825497768,0.0001693943072265
noise,0.992,60,0.9743582789980776,0.9679478487475968,0.0001988437689814
noise,0.993,60,0.9723013019167052,0.9653766273958814,0.0002154770920072
noise,0.994,60,0.9710694238482998,0.963836779810375,0.0002060113685946
noise,0.995,60,0.9751663987077436,0.9689579983846792,8.513846960629918e-05
noise,0.996,60,0.9739953832214594,0.9674942290268244,0.0001989294293146
noise,0.997,60,0.9725077282285548,0.9656346602856936,0.0001573760709059
noise,0.998,60,0.9709012353656864,0.963626544207108,0.000223158741129
noise,0.999,60,0.9721096158350978,0.965137019793872,0.0001899285423273
noise,1.0,60,0.9733797694270448,0.966724711783806,0.0001735525512596
noise,1.001,60,0.975227895086603,0.9690348688582536,0.0001261384577298
noise,1.002,60,0.9716111707757072,0.9645139634696338,0.0002010353748283
noise,1.003,60,0.9737931001105704,0.967241375138213,0.0001402007571336
noise,1.004,60,0.9715616196917828,0.9644520246147288,0.0001998192043415
noise,1.005,60,0.9719912460803954,0.9649890576004942,0.000189697961602
noise,1.006,60,0.972462111761373,0.9655776397017164,0.000193724294568
noise,1.007,60,0.9710060127024543,0.963757515878068,0.0001953226525782
noise,1.008,60,0.971213151137764,0.9640164389222048,0.0002039857668301
noise,1.009,60,0.973240524635598,0.9665506557944976,0.0001762681991732
noise,1.01,60,0.9741304438490812,0.9676630548113516,0.0001454864349511
noise,1.011,60,0.9739754259209384,0.9674692824011726,0.0001445709613561
noise,1.012,60,0.9712163407089698,0.964020425886212,0.0002066938105758
noise,1.013,60,0.9730720116312584,0.9663400145390733,0.0001169778393246
noise,1.014,60,0.9715875184564672,0.9644843980705836,0.000160394447319
noise,1.015,60,0.9721380846956246,0.9651726058695308,0.000160794907391
noise,1.016,60,0.9742079637644712,0.9677599547055888,0.0001484563835879
noise,1.017,60,0.9711210047765833,0.9639012559707292,0.0001528245502509
noise,1.018,60,0.9719811275307368,0.9649764094134212,0.0001660684185502
noise,1.019,60,0.9735585319751636,0.9669481649689542,0.0002002169250576
noise,1.02,60,0.9695064362442692,0.9618830453053364,0.0001542645419539
noise,1.021,60,0.9738137614765536,0.967267201845692,0.000192205546457
noise,1.022,60,0.9727367830456172,0.965920978807021,0.0001791064476088
noise,1.023,60,0.972938573284256,0.96617321660532,0.0001852115636153
noise,1.024,60,0.9742109473211532,0.9677636841514412,0.0001671408988574
noise,1.025,60,0.9740092055196028,0.9675115068995032,0.0002166627674441
noise,1.026,60,0.973188325163888,0.96648540645486,0.0001604439343318
noise,1.027,60,0.9727616480127974,0.965952060015997,0.0002061198877895
noise,1.028,60,0.9734921707002742,0.9668652133753428,0.0001969051366662
noise,1.029,60,0.9696381607383568,0.962047700922946,0.0001981895731243
noise,1.03,60,0.9719095732222812,0.9648869665278514,0.0001697048306366
noise,1.031,60,0.9700533240326056,0.962566655040757,0.0002259416066301
noise,1.032,60,0.9731693043500734,0.9664616304375916,0.0002291883571304
noise,1.033,60,0.9725974023704056,0.9657467529630068,0.0001724291333516
noise,1.034,60,0.971948171657018,0.9649352145712726,0.0001788146825712
noise,1.035,60,0.9709922138607496,0.9637402673259368,0.0001933767237471
noise,1.036,60,0.9713252202009536,0.964156525251192,0.0002397040571768
noise,1.037,60,0.9710081346818156,0.9637601683522696,0.0002122998110147
noise,1.038,60,0.9686886028629336,0.9608607535786672,0.0002377688731531
noise,1.039,60,0.9711390424914982,0.9639238031143726,0.0002302711023421
noise,1.04,60,0.9706242730619804,0.9632803413274756,0.0001722963888142
noise,1.041,60,0.9699677843685314,0.962459730460664,0.0002635350287436
noise,1.042,60,0.9718981313457802,0.9648726641822252,0.0001390341374634
noise,1.043,60,0.9709852165038966,0.9637315206298708,0.0002285107809887
noise,1.044,60,0.9702433825525127,0.9628042281906412,0.0001676798276341
noise,1.045,60,0.9731976736603172,0.9664970920753964,0.0001814610536331
noise,1.046,60,0.9721556498539792,0.965194562317474,0.0001795783593525
noise,1.047,60,0.9690556578359864,0.961319572294983,0.0003502091162462
noise,1.048,60,0.968772436490516,0.9609655456131452,0.000252022351316
noise,1.049,60,0.9692107343560334,0.961513417945042,0.0002581701326763
noise,1.05,60,0.972780733280051,0.9659759166000637,0.0001841635411884
noise,1.051,60,0.9699835338222558,0.9624794172778196,0.0001954904796828
noise,1.052,60,0.9676958792606136,0.9596198490757668,0.0002502449200138
noise,1.053,60,0.9689596252522368,0.961199531565296,0.0002983583212899
noise,1.054,60,0.9697424809632594,0.9621781012040744,0.000203231045588
noise,1.055,60,0.969856270531432,0.9623203381642896,0.0002830154516534
noise,1.056,60,0.9719300335859248,0.9649125419824062,0.0002801639907346
noise,1.057,60,0.9689617397635985,0.9612021747044978,0.0002037705092048
noise,1.058,60,0.9723642542673208,0.965455317834151,0.0001700735089525
noise,1.059,60,0.9699730313348672,0.9624662891685838,0.0001622762324253
noise,1.06,60,0.9713569278266254,0.9641961597832818,0.0001816814913665
noise,1.061,60,0.9708789549904452,0.9635986937380564,0.000224928515493
noise,1.062,60,0.9715155256182856,0.9643944070228568,0.0002359731509611
noise,1.063,60,0.9670547605841038,0.9588184507301296,0.0002606893881494
noise,1.064,60,0.967323890956363,0.9591548636954534,0.0002300681268869
noise,1.065,60,0.9674762373215656,0.959345296651957,0.0002968311750047
noise,1.066,60,0.969919577437413,0.962399471796766,0.0001972094684756
noise,1.067,60,0.9702970889672362,0.962871361209045,0.0002243661337707
noise,1.068,60,0.9683392449163948,0.9604240561454934,0.000227998697198
noise,1.069,60,0.9682935841631924,0.9603669802039908,0.0001818446138154
noise,1.07,60,0.966870999032008,0.9585887487900095,0.0002662463291672
noise,1.071,60,0.970074603938321,0.9625932549229012,0.000170893082837
noise,1.072,60,0.9680690662071716,0.9600863327589644,0.0001988140443788
noise,1.073,60,0.9688846232006264,0.961105779000783,0.0001491297450479
noise,1.074,60,0.9686077929100624,0.9607597411375778,0.0002345550877198
noise,1.075,60,0.9703791512018572,0.9629739390023216,0.0001679885322531
noise,1.076,60,0.9643259395393718,0.9554074244242148,0.0002816280596155
noise,1.077,60,0.9671935157639924,0.9589918947049906,0.0002565538300896
noise,1.078,60,0.9710740150857758,0.9638425188572196,0.0001674672497959
noise,1.079,60,0.9666659913354356,0.9583324891692944,0.0002675434062089
noise,1.08,60,0.9702212918783912,0.9627766148479888,0.0001571340070774
noise,1.081,60,0.9681783105103126,0.9602228881378908,0.0002416163876027
noise,1.082,60,0.9683203263379808,0.9604004079224764,0.0002901108256122
noise,1.083,60,0.9685210349819098,0.9606512937273876,0.0003549774577422
noise,1.084,60,0.96473381756633,0.9559172719579128,0.0003994255093692
noise,1.085,60,0.9676694026587104,0.9595867533233876,0.0002241291129274
noise,1.086,60,0.968748253257995,0.960935316572494,0.00024690820625
noise,1.087,60,0.967588334389044,0.9594854179863048,0.0002302161652923
noise,1.088,60,0.9667873418620028,0.9584841773275034,0.0002405433642652
noise,1.089,60,0.965448216765256,0.9568102709565702,0.0002726468510916
noise,1.09,60,0.970556688889714,0.9631958611121426,0.0001728578045846
noise,1.091,60,0.9684297962946102,0.9605372453682628,0.0001890523845848
noise,1.092,60,0.9681231876545732,0.9601539845682162,0.0002895778694025
noise,1.093,60,0.9682536348442076,0.9603170435552594,0.000256657755291
noise,1.094,60,0.9663352207364456,0.9579190259205568,0.0001843660231322
noise,1.095,60,0.9701967384747604,0.9627459230934506,0.0001912122984594
noise,1.096,60,0.9674599025917636,0.9593248782397048,0.00025276985828
noise,1.097,60,0.9694362326094788,0.9617952907618484,0.0002576020748674
noise,1.098,60,0.9665823979990696,0.9582279974988368,0.0002617177529286
noise,1.099,60,0.9695692554130776,0.9619615692663468,0.0002360808920079
noise,1.1,60,0.9713255497871488,0.964156937233936,0.0002453349595312
noise,1.101,60,0.9680429474080466,0.9600536842600584,0.000223750961101
noise,1.102,60,0.9679399153814754,0.9599248942268443,0.0002392148999008
noise,1.103,60,0.9659320835022832,0.9574151043778542,0.0002716591051283
noise,1.104,60,0.969159366945378,0.9614492086817223,0.000164204554668
noise,1.105,60,0.9651650754040638,0.9564563442550796,0.0001432887389517
noise,1.106,60,0.9676344111094548,0.9595430138868186,0.0002880700393935
noise,1.107,60,0.9694099883162958,0.96176248539537,0.000266728221596
noise,1.108,60,0.970021658184586,0.9625270727307323,0.0001981482470034
noise,1.109,60,0.9689198308840326,0.9611497886050404,0.0002226765623076
noise,1.11,60,0.963703987427936,0.9546299842849202,0.0003710202938936
noise,1.111,60,0.9688308177962612,0.9610385222453268,0.0001635456629582
noise,1.112,60,0.967360315624172,0.9592003945302148,0.0003162661482651
noise,1.113,60,0.9665989580775972,0.9582486975969964,0.0002270658057603
noise,1.114,60,0.9683285163028712,0.9604106453785892,0.000246635519907
noise,1.115,60,0.9708506159893636,0.9635632699867042,0.0001598573461988
noise,1.116,60,0.966308003992226,0.9578850049902824,0.0002229007950558
noise,1.117,60,0.9681880781615156,0.9602350977018944,0.0002082344742268
noise,1.118,60,0.9698191361844626,0.962273920230578,0.0001234366830088
noise,1.119,60,0.9642745862381976,0.9553432327977468,0.0003032358136938
noise,1.12,60,0.964534073167258,0.9556675914590724,0.0002854330920836
noise,1.121,60,0.9660678983581064,0.9575848729476332,0.0002504653057015
noise,1.122,60,0.9665694247155068,0.9582117808943834,0.0001797094808066
noise,1.123,60,0.965359795721674,0.9566997446520924,0.0003410436519625
noise,1.124,60,0.9686721238017092,0.9608401547521368,0.000173129579077
noise,1.125,60,0.9668285729635294,0.958535716204412,0.0003059506286052
noise,1.126,60,0.966359177427894,0.9579489717848674,0.0001966458804263
noise,1.127,60,0.9649069868367692,0.9561337335459617,0.0002979540578482
noise,1.128,60,0.9658832125976392,0.9573540157470488,0.0002169131015929
noise,1.129,60,0.9681336217100722,0.96016702713759,0.0002461732742086
noise,1.13,60,0.9657927121015896,0.9572408901269868,0.0002451003895996
noise,1.131,60,0.9684303910715728,0.9605379888394662,0.0002693030672034
noise,1.132,60,0.9647366678979868,0.9559208348724834,0.0002497549603159
noise,1.133,60,0.9640056559743276,0.9550070699679092,0.0003668341469379
noise,1.134,60,0.9658205143473384,0.9572756429341732,0.0003675728570154
noise,1.135,60,0.9698112647668056,0.962264080958507,0.0002062509315768
noise,1.136,60,0.964543119832638,0.9556788997907968,0.0003098893193772
noise,1.137,60,0.964882911794116,0.9561036397426448,0.0003140353624044
noise,1.138,60,0.9655505508228606,0.9569381885285756,0.0004201804188457
noise,1.139,60,0.9647468661451596,0.9559335826814496,0.0002187397469093
noise,1.14,60,0.9672462500307952,0.9590578125384944,0.0002043814018104
noise,1.141,60,0.9664926387304408,0.9581157984130512,0.0002128864396234
noise,1.142,60,0.9652238979448744,0.956529872431093,0.0002685725586294
noise,1.143,60,0.966743720510158,0.9584296506376976,0.0002832383421294
noise,1.144,60,0.9625394062565524,0.9531742578206904,0.0002775457015567
noise,1.145,60,0.964626056381308,0.9557825704766348,0.000337525363388
noise,1.146,60,0.965102766229569,0.9563784577869612,0.0003888347211949
noise,1.147,60,0.9630440841592588,0.9538051051990736,0.0002638397198844
noise,1.148,60,0.9650850378219284,0.9563562972774104,0.0002449484892242
noise,1.149,60,0.9640374109045023,0.9550467636306278,0.0003169299837311
noise,1.15,60,0.9640566788929074,0.9550708486161344,0.0003442372764104
noise,1.151,60,0.962498463004836,0.9531230787560452,0.0002649258639268
noise,1.152,60,0.9682278073496828,0.9602847591871032,0.0002411992480405
noise,1.153,60,0.9655202959253064,0.9569003699066332,0.0003476864541343
noise,1.154,60,0.967881130571562,0.9598514132144524,0.0001544255011413
noise,1.155,60,0.964774815906156,0.955968519882695,0.0002326337917894
noise,1.156,60,0.9663123138095572,0.9578903922619468,0.0002771797987439
noise,1.157,60,0.9663111004757066,0.9578888755946326,0.0002383987647146
noise,1.158,60,0.9676470463490494,0.9595588079363118,0.0002308762864984
noise,1.159,60,0.961716502015921,0.9521456275199012,0.0002830483422299
noise,1.16,60,0.9661729161456633,0.9577161451820788,0.0002964070304087
noise,1.161,60,0.9647285693045872,0.9559107116307336,0.0002567215412852
noise,1.162,60,0.9636990427240216,0.9546238034050272,0.000361431452214
noise,1.163,60,0.9627120907506465,0.9533901134383078,0.0003356356901708
noise,1.164,60,0.9638526205770256,0.954815775721282,0.0002554941615521
noise,1.165,60,0.9623509095346396,0.9529386369182992,0.0003413546003764
noise,1.166,60,0.9655400440963944,0.956925055120493,0.0002221709460723
noise,1.167,60,0.9676593423905836,0.9595741779882296,0.0001824652470364
noise,1.168,60,0.9659620768849694,0.9574525961062116,0.0001786512481864
noise,1.169,60,0.9650172726844324,0.9562715908555408,0.0003804902174401
noise,1.17,60,0.9661177218872514,0.9576471523590644,0.0002922848563488
noise,1.171,60,0.9631789382323238,0.9539736727904046,0.0002734383393013
noise,1.172,60,0.9629013155058308,0.953626644382288,0.0002692855693885
noise,1.173,60,0.9679513388033116,0.9599391735041396,0.0002578692337751
noise,1.174,60,0.9646778526905424,0.955847315863178,0.0003590614409464
noise,1.175,60,0.9632072768807328,0.954009096100916,0.0004342690950888
noise,1.176,60,0.965198581712474,0.9564982271405924,0.0002928219318791
noise,1.177,60,0.9622399024601588,0.9527998780751986,0.0003852151985746
noise,1.178,60,0.963953666803838,0.9549420835047976,0.0003281168778126
noise,1.179,60,0.9643236494431732,0.9554045618039668,0.0003513466025527
noise,1.18,60,0.9641109422899794,0.9551386778624742,0.0002657792651267
noise,1.181,60,0.9596974523727744,0.9496218154659678,0.0004162686635963
noise,1.182,60,0.9592130117518932,0.9490162646898664,0.000399750853807
noise,1.183,60,0.9622591094387322,0.9528238867984152,0.0003039882981235
noise,1.184,60,0.9622815493662842,0.9528519367078554,0.0003921394030281
noise,1.185,60,0.959576426365732,0.9494705329571652,0.0004274662688495
noise,1.186,60,0.9583395777653132,0.9479244722066416,0.0003547662412605
noise,1.187,60,0.9608057045583676,0.9510071306979596,0.0002804880294112
noise,1.188,60,0.957665162764386,0.9470814534554824,0.0004151408054775
noise,1.189,60,0.9619432317356365,0.9524290396695456,0.0003554368388847
noise,1.19,60,0.9653818776280132,0.9567273470350164,0.0002038017912893
noise,1.191,60,0.9609448088736404,0.9511810110920504,0.000322014664587
noise,1.192,60,0.9647821198123328,0.955977649765416,0.0003028137000156
noise,1.193,60,0.9613926453375656,0.9517408066719568,0.0002632178049974
noise,1.194,60,0.9634279013403948,0.9542848766754932,0.0002345734343519
noise,1.195,60,0.964097076467043,0.9551213455838038,0.0002385078001247
noise,1.196,60,0.9617790362959782,0.9522237953699728,0.000339728120162
noise,1.197,60,0.96278302854596,0.95347878568245,0.0003401139241705
noise,1.198,60,0.9624072885691446,0.9530091107114308,0.0003524607186278
noise,1.199,60,0.9634145464270596,0.9542681830338244,0.0002561289406296
noise,1.2,60,0.964631721104668,0.9557896513808352,0.0003225854317444
noise,1.201,60,0.9630429077420342,0.9538036346775428,0.0003872570810532
noise,1.202,60,0.964026402081497,0.9550330026018712,0.0002866324873212
noise,1.203,60,0.9643710709309844,0.95546383866373,0.000264430431725
noise,1.204,60,0.9598720417582391,0.9498400521977992,0.0004311376201767
noise,1.205,60,0.9631191859788836,0.9538989824736046,0.0004376236598936
noise,1.206,60,0.9601088002175278,0.9501360002719098,0.0003894275473193
noise,1.207,60,0.9636228528606492,0.9545285660758116,0.0003314369996579
noise,1.208,60,0.9584025135421232,0.9480031419276536,0.0002761947556662
noise,1.209,60,0.962234860486326,0.9527935756079076,0.0003929470428308
noise,1.21,60,0.9631338124527296,0.9539172655659116,0.0003885970062782
noise,1.211,60,0.9660840613748314,0.9576050767185392,0.0002715059421584
noise,1.212,60,0.9603324399155588,0.9504155498944484,0.0003147929872655
noise,1.213,60,0.9618654820722622,0.9523318525903276,0.0002537947838569
noise,1.214,60,0.9630185674782188,0.9537732093477737,0.0002772344528764
noise,1.215,60,0.96013523313522,0.950169041419025,0.0002689587747396
noise,1.216,60,0.9647162302548148,0.9558952878185186,0.0002464136303268
noise,1.217,60,0.9600786348949188,0.9500982936186484,0.0003246154821903
noise,1.218,60,0.9587231381064076,0.94840392263301,0.0003788401198198
noise,1.219,60,0.9616112693924856,0.952014086740607,0.0003091920988266
noise,1.22,60,0.9581725062282814,0.9477156327853516,0.0004977722392599
noise,1.221,60,0.959623628862254,0.9495295360778176,0.0003918764007256
noise,1.222,60,0.9624651146124624,0.953081393265578,0.0002772056931296
noise,1.223,60,0.96302216420364,0.95377770525455,0.0003320965914968
noise,1.224,60,0.9607475577593662,0.9509344471992076,0.0002919336324153
noise,1.225,60,0.9566327916811224,0.9457909896014026,0.0004821931897559
noise,1.226,60,0.9629927544990609,0.953740943123826,0.0003430424704293
noise,1.227,60,0.9612097778336012,0.9515122222920016,0.0002625085713947
noise,1.228,60,0.966392701612904,0.9579908770161298,0.0002218620621605
noise,1.229,60,0.9597189949453584,0.9496487436816982,0.0002813987807371
noise,1.23,60,0.9553345522591862,0.9441681903239826,0.0003946740255556
noise,1.231,60,0.95905428714336,0.9488178589292,0.0004109657204994
noise,1.232,60,0.9600203410340686,0.9500254262925858,0.0002812996887893
noise,1.233,60,0.959273608826754,0.9490920110334424,0.0005317037200166
noise,1.234,60,0.9614147240742612,0.9517684050928265,0.0003810263200101
noise,1.235,60,0.9601193105120944,0.9501491381401176,0.0002797511192755
noise,1.236,60,0.959821647839817,0.9497770597997716,0.0003323713700619
noise,1.237,60,0.9592099741117353,0.9490124676396688,0.0003201766355734
noise,1.238,60,0.9624777153605706,0.9530971442007136,0.0002592881466619
noise,1.239,60,0.9578884710127532,0.9473605887659414,0.0003841602065876
noise,1.24,60,0.9622734485031031,0.9528418106288792,0.0002847118161562
noise,1.241,60,0.9572136348854692,0.9465170436068364,0.0003554223704695
noise,1.242,60,0.95891847397105,0.9486480924638124,0.0004272693423921
noise,1.243,60,0.9545609155023194,0.9432011443778988,0.0003789836001336
noise,1.244,60,0.9617284125193508,0.9521605156491886,0.0003727332850362
noise,1.245,60,0.9598106265968688,0.949763283246086,0.0003285275470837
noise,1.246,60,0.9640463600767962,0.955057950095995,0.0002921519601866
noise,1.247,60,0.9608670309893784,0.9510837887367232,0.0003134681817629
noise,1.248,60,0.9577297009352068,0.9471621261690086,0.0002913164840776
noise,1.249,60,0.9620383126305988,0.9525478907882482,0.0003324681847723
noise,1.25,60,0.9574175135983396,0.9467718919979244,0.0004145716906498
noise,1.251,60,0.9634640523700324,0.9543300654625404,0.0003313583348664
noise,1.252,60,0.9601978682202348,0.9502473352752934,0.0004412775676232
noise,1.253,60,0.959889206024186,0.9498615075302328,0.0003151470262491
noise,1.254,60,0.9575137747739852,0.9468922184674814,0.0003759042764777
noise,1.255,60,0.959738315730728,0.94967289466341,0.0004627290110794
noise,1.256,60,0.9595032665721072,0.9493790832151342,0.0003539348317881
noise,1.257,60,0.9575320701304292,0.9469150876630364,0.0004621034504241
noise,1.258,60,0.9605657072336248,0.9507071340420308,0.0002900236004823
noise,1.259,60,0.9579304893967948,0.9474131117459934,0.0002533468495178
noise,1.26,60,0.9645609036338858,0.9557011295423572,0.0003127442914688
noise,1.261,60,0.9585938185615408,0.948242273201926,0.000345182970079
noise,1.262,60,0.958089435874252,0.9476117948428152,0.0003774498471124
noise,1.263,60,0.9557279619645216,0.9446599524556522,0.0004016743544847
noise,1.264,60,0.9595153965657094,0.9493942457071368,0.0003348102713413
noise,1.265,60,0.9604402313257888,0.9505502891572364,0.0003416581810364
noise,1.266,60,0.952469531979184,0.94058691497398,0.0005504925580866
noise,1.267,60,0.9614591954535308,0.9518239943169138,0.0004731608942887
noise,1.268,60,0.9617616428674666,0.9522020535843334,0.0003811991754114
noise,1.269,60,0.9572850054529408,0.946606256816176,0.0003144626031643
noise,1.27,60,0.9578330145373622,0.9472912681717028,0.0003874963524561
noise,1.271,60,0.9605984862370758,0.9507481077963448,0.0002859701890004
noise,1.272,60,0.955000696591254,0.9437508707390676,0.0003730342211936
noise,1.273,60,0.9574814526587132,0.9468518158233916,0.0004538737118896
noise,1.274,60,0.9589707670186308,0.9487134587732884,0.0002948584362369
noise,1.275,60,0.9599621731955786,0.9499527164944734,0.0003388903325684
noise,1.276,60,0.9565968486392152,0.9457460607990192,0.0003893450243476
noise,1.277,60,0.9583824707302206,0.947978088412776,0.0002825714326006
noise,1.278,60,0.9603795384269376,0.950474423033672,0.0004340155331708
noise,1.279,60,0.95690542592846,0.9461317824105744,0.0004114696221387
noise,1.28,60,0.959072238122794,0.9488402976534924,0.0003812968364592
noise,1.281,60,0.9551046911993812,0.9438808639992264,0.0003838439879618
noise,1.282,60,0.9542822080342582,0.9428527600428228,0.0003816731493775
noise,1.283,60,0.9604317957289624,0.9505397446612032,0.0003249304306347
noise,1.284,60,0.9575133671134384,0.946891708891798,0.0002795234010516
noise,1.285,60,0.9536638350270764,0.9420797937838452,0.000374325492789
noise,1.286,60,0.9590302558061504,0.9487878197576876,0.0003999986108077
noise,1.287,60,0.9548876477992916,0.9436095597491142,0.0004715662453866
noise,1.288,60,0.9545159183548008,0.943144897943501,0.0004127130876852
noise,1.289,60,0.9544761943836666,0.9430952429795834,0.0004301860449878
noise,1.29,60,0.9521008185545564,0.9401260231931958,0.0004549254026835
noise,1.291,60,0.9541596902869334,0.9426996128586664,0.0003652226309496
noise,1.292,60,0.9601342884191776,0.9501678605239722,0.0003243352593601
noise,1.293,60,0.9584829903046362,0.948103737880795,0.0002964688137457
noise,1.294,60,0.958984574536032,0.94873071817004,0.0003949607638507
noise,1.295,60,0.954293179453552,0.9428664743169398,0.0004146112699603
noise,1.296,60,0.9498060676881196,0.9372575846101496,0.0005382126250095
noise,1.297,60,0.955798857782864,0.94474857222858,0.0004538158511939
noise,1.298,60,0.9522600104308432,0.940325013038554,0.000278711753566
noise,1.299,60,0.9555591575598618,0.9444489469498272,0.0006160779532427
noise,1.3,60,0.959041926900879,0.9488024086260988,0.0003058226433608
noise,1.301,60,0.9550812872028692,0.9438516090035868,0.0004007373224701
noise,1.302,60,0.9588480465040322,0.94856005813004,0.0003745678814985
noise,1.303,60,0.9612142509638312,0.951517813704789,0.0003950066067507
noise,1.304,60,0.9562515697498208,0.945314462187276,0.0004488785383855
noise,1.305,60,0.9527337153735284,0.9409171442169104,0.0005626789086293
noise,1.306,60,0.9592041258726076,0.9490051573407596,0.0004130271077162
noise,1.307,60,0.9564109935068976,0.9455137418836224,0.0003829780670972
noise,1.308,60,0.9555141063706412,0.9443926329633016,0.0004435213925035
noise,1.309,60,0.9552994974715064,0.9441243718393828,0.000379704607936
noise,1.31,60,0.9536154766610808,0.9420193458263508,0.000433926319741
noise,1.311,60,0.9545289852293516,0.9431612315366892,0.0004685616163844
noise,1.312,60,0.9544802023392884,0.9431002529241104,0.0004921940061089
noise,1.313,60,0.956429123739158,0.9455364046739476,0.0004626174326717
noise,1.314,60,0.9589623219209044,0.9487029024011302,0.0004171912739875
noise,1.315,60,0.950381148130326,0.9379764351629076,0.0005221151644507
noise,1.316,60,0.9552758817378342,0.9440948521722928,0.000312948219274
noise,1.317,60,0.9579117899177496,0.9473897373971872,0.0003421474679807
noise,1.318,60,0.9483806857000956,0.9354758571251198,0.0004876525811429
noise,1.319,60,0.9586312896988954,0.9482891121236194,0.0003644026530518
noise,1.32,60,0.959429356467224,0.94928669558403,0.0002982900582617
noise,1.321,60,0.9516449768538668,0.9395562210673336,0.0004495947712066
noise,1.322,60,0.953009013952282,0.9412612674403524,0.0004347085839287
noise,1.323,60,0.9591884780954164,0.9489855976192704,0.0004772813922002
noise,1.324,60,0.9543235978442596,0.9429044973053242,0.0004421984751182
noise,1.325,60,0.953790252206326,0.9422378152579072,0.0004701345726072
noise,1.326,60,0.954670403501892,0.9433380043773651,0.0004152380399016
noise,1.327,60,0.9557713890092496,0.9447142362615626,0.0003438863275315
noise,1.328,60,0.9481606981519576,0.9352008726899472,0.0003251973034101
noise,1.329,60,0.9530603679010384,0.941325459876298,0.0004571446980823
noise,1.33,60,0.9565010523868906,0.9456263154836136,0.0003747591714218
noise,1.331,60,0.9502990955415354,0.9378738694269192,0.0005284063527607
noise,1.332,60,0.9467482643283176,0.933435330410397,0.0003795778774191
noise,1.333,60,0.9493724538131478,0.9367155672664348,0.0004616727672807
noise,1.334,60,0.953088423204741,0.941360529005926,0.0004916062655286
noise,1.335,60,0.955043052005502,0.9438038150068776,0.000384364672952
noise,1.336,60,0.953023586118682,0.9412794826483526,0.0003875603065491
noise,1.337,60,0.9536822668405472,0.942102833550684,0.0004727775609689
noise,1.338,60,0.9544425140752152,0.9430531425940188,0.0004551680917494
noise,1.339,60,0.9507262344047764,0.9384077930059704,0.0004882399822079
noise,1.34,60,0.9563811614517836,0.9454764518147294,0.0003899655346284
noise,1.341,60,0.9509387852146832,0.9386734815183536,0.0004658515296573
noise,1.342,60,0.9555327148778396,0.9444158935972994,0.0003235819908475
noise,1.343,60,0.9526727658819124,0.9408409573523904,0.0004496873020833
noise,1.344,60,0.9531387771415734,0.9414234714269666,0.0002755419224744
noise,1.345,60,0.9509728942070944,0.938716117758868,0.0004744889286335
noise,1.346,60,0.9536382087736524,0.9420477609670656,0.0004146903246137
noise,1.347,60,0.9522357845817468,0.9402947307271836,0.0004155112292681
noise,1.348,60,0.9547250435787554,0.9434063044734444,0.0003957134669163
noise,1.349,60,0.9525616341519428,0.9407020426899284,0.0003966808599694
noise,1.35,60,0.950788872419428,0.9384860905242852,0.0004896876980895
noise,1.351,60,0.955722454356324,0.9446530679454048,0.0005752476414203
noise,1.352,60,0.949888105126788,0.9373601314084852,0.0005687476979304
noise,1.353,60,0.9497378112566808,0.937172264070851,0.0004568797682109
noise,1.354,60,0.9510888211966094,0.938861026495762,0.0004089354557113
noise,1.355,60,0.9522869430777228,0.9403586788471532,0.0005154957616319
noise,1.356,60,0.9536121009251592,0.9420151261564488,0.0005163314569022
noise,1.357,60,0.9540005385041648,0.9425006731302058,0.0003028679359207
noise,1.358,60,0.9486581885576943,0.9358227356971178,0.0004653097643336
noise,1.359,60,0.9496487892042677,0.9370609865053346,0.0004060804610463
noise,1.36,60,0.9500848568967768,0.9376060711209712,0.0003035905734473
noise,1.361,60,0.9545006434095786,0.9431258042619732,0.0005316919481936
noise,1.362,60,0.9567328009981368,0.9459160012476708,0.0002538241245685
noise,1.363,60,0.9494903200763934,0.9368629000954916,0.0004696849936433
noise,1.364,60,0.9538402843007012,0.9423003553758764,0.0006031568513822
noise,1.365,60,0.9511272651587614,0.9389090814484518,0.0003846162766055
noise,1.366,60,0.9524798593888442,0.9405998242360551,0.000668166540505
noise,1.367,60,0.9459323307885648,0.9324154134857058,0.0004851429893767
noise,1.368,60,0.9528344889957494,0.9410431112446864,0.0004073216712116
noise,1.369,60,0.9511733877974774,0.9389667347468468,0.0006321515664224
noise,1.37,60,0.947910813469226,0.9348885168365328,0.0005382003810823
noise,1.371,60,0.9509967525250724,0.9387459406563408,0.0005194381244665
noise,1.372,60,0.9558013046301488,0.9447516307876858,0.000498849445388
noise,1.373,60,0.9507964951298122,0.9384956189122652,0.0005618577933659
noise,1.374,60,0.9533825843576752,0.941728230447094,0.0004143851099326
noise,1.375,60,0.9516557154848416,0.939569644356052,0.0004634590250915
noise,1.376,60,0.9507948626255196,0.9384935782818996,0.0005762624097308
noise,1.377,60,0.9473452981548388,0.9341816226935488,0.0007117066993902
noise,1.378,60,0.9507560055669242,0.9384450069586552,0.0004756284611652
noise,1.379,60,0.9503226449409492,0.9379033061761866,0.0004941668535041
noise,1.38,60,0.9496865182994608,0.937108147874326,0.0004863437269491
noise,1.381,60,0.9455266581491464,0.9319083226864332,0.0006826435142423
noise,1.382,60,0.946710270264682,0.9333878378308526,0.000630877123248
noise,1.383,60,0.9474299101437136,0.934287387679642,0.0003097987190054
noise,1.384,60,0.9474522549895286,0.9343153187369106,0.0005488021107031
noise,1.385,60,0.9502721780342948,0.9378402225428684,0.000419393437923
noise,1.386,60,0.9522024246277347,0.9402530307846682,0.000500158637511
noise,1.387,60,0.9499767075497646,0.9374708844372056,0.0005428634786182
noise,1.388,60,0.9492438726906712,0.9365548408633392,0.0005754605964157
noise,1.389,60,0.952244372071908,0.9403054650898848,0.0005208961257228
noise,1.39,60,0.9492933192124812,0.9366166490156016,0.0005582922233023
noise,1.391,60,0.9480948953825102,0.935118619228138,0.0006930564973561
noise,1.392,60,0.9477898486334482,0.93473731079181,0.0003667979356709
noise,1.393,60,0.9472906408573416,0.9341133010716768,0.0006386655983499
noise,1.394,60,0.9518517393251552,0.9398146741564442,0.0003503055628935
noise,1.395,60,0.944675118949927,0.9308438986874088,0.0005168147190761
noise,1.396,60,0.947466010135238,0.9343325126690476,0.0007223076163567
noise,1.397,60,0.9532297431002892,0.9415371788753616,0.0005521714663567
noise,1.398,60,0.9515011490379855,0.9393764362974816,0.0004237355533555
noise,1.399,60,0.9419589134819984,0.9274486418524978,0.0006138155442396
noise,1.4,60,0.9492649420900384,0.936581177612548,0.0005865418361678
noise,1.401,60,0.9473906173124323,0.9342382716405404,0.000477041402809
noise,1.402,60,0.9433302485530244,0.9291628106912804,0.0004415732158173
noise,1.403,60,0.9500496559955768,0.9375620699944706,0.0005679011868842
noise,1.404,60,0.9495780190920324,0.9369725238650406,0.0004540019862608
noise,1.405,60,0.9511071258238982,0.9388839072798728,0.0006014947582928
noise,1.406,60,0.947132708163298,0.9339158852041222,0.0003880193907248
noise,1.407,60,0.9462197686044064,0.9327747107555082,0.0005919404929724
noise,1.408,60,0.9472309645276248,0.9340387056595312,0.0005008085526964
noise,1.409,60,0.9506846760831832,0.9383558451039792,0.0007254045596775
noise,1.41,60,0.9513313974106864,0.939164246763358,0.0004939621897966
noise,1.411,60,0.9526953662288452,0.9408692077860564,0.0005232844789551
noise,1.412,60,0.9471661403342782,0.9339576754178476,0.0006167441451686
noise,1.413,60,0.9418328296761772,0.9272910370952212,0.0005863478149621
noise,1.414,60,0.9514077543988776,0.9392596929985968,0.0005390559028778
noise,1.415,60,0.9437307402543516,0.9296634253179396,0.0005725543194494
noise,1.416,60,0.9472965796304212,0.9341207245380264,0.0004824053926266
noise,1.417,60,0.94580812847925,0.9322601605990622,0.0005623313185409
noise,1.418,60,0.9499066246242768,0.9373832807803456,0.000537907615713
noise,1.419,60,0.9450452817134334,0.9313066021417916,0.0003908763381143
noise,1.42,60,0.9460475632795716,0.9325594540994648,0.0004759878333275
noise,1.421,60,0.9463335328462478,0.93291691605781,0.0006926057411344
noise,1.422,60,0.9484402390908876,0.9355502988636096,0.000621774539643
noise,1.423,60,0.9467344841789562,0.9334181052236952,0.0006470662033542
noise,1.424,60,0.9432083770946292,0.9290104713682864,0.0004294619117709
noise,1.425,60,0.947447570078597,0.9343094625982464,0.0005759855376802
noise,1.426,60,0.9417072231797834,0.9271340289747292,0.0005763161041947
noise,1.427,60,0.9463826480572244,0.9329783100715304,0.0005991668566947
noise,1.428,60,0.9473349786262958,0.9341687232828698,0.0005448893140736
noise,1.429,60,0.9490814654607316,0.9363518318259144,0.0005075501727439
noise,1.43,60,0.9460858868431736,0.9326073585539668,0.0005282468949016
noise,1.431,60,0.951138682736896,0.93892335342112,0.0005636646243556
noise,1.432,60,0.9426129682956128,0.9282662103695156,0.0006755413288007
noise,1.433,60,0.9495390230324378,0.936923778790547,0.0005168828299761
noise,1.434,60,0.9451042832222794,0.9313803540278492,0.0005404437859621
noise,1.435,60,0.9428203580530016,0.928525447566252,0.0004970281898146
noise,1.436,60,0.9492396676682126,0.9365495845852656,0.0006339256824201
noise,1.437,60,0.9440015194745424,0.930001899343178,0.0006152069216994
noise,1.438,60,0.9487915587115224,0.935989448389403,0.0004439409190793
noise,1.439,60,0.9431151636299436,0.9288939545374296,0.0006262604198981
noise,1.44,60,0.9416307001946322,0.9270383752432906,0.000701334503382
noise,1.441,60,0.9435467299849148,0.9294334124811432,0.0004919752930334
noise,1.442,60,0.9470657305480548,0.9338321631850685,0.0006272298070539
noise,1.443,60,0.9473371653885064,0.9341714567356328,0.0006016787092055
noise,1.444,60,0.9502481996630394,0.9378102495787992,0.0005468827669428
noise,1.445,60,0.9469648603462312,0.9337060754327888,0.0005353204901298
noise,1.446,60,0.9481535230152546,0.935191903769068,0.0004651039106991
noise,1.447,60,0.9449542649542928,0.9311928311928662,0.0006456220701461
noise,1.448,60,0.94442884108182,0.930536051352275,0.0007189699315549
noise,1.449,60,0.9426011690262944,0.928251461282868,0.0007775047048978
noise,1.45,60,0.9418577055055368,0.9273221318819208,0.0005475944513346
noise,1.451,60,0.9427184450244944,0.9283980562806184,0.000592195585072
noise,1.452,60,0.9442724506396156,0.9303405632995196,0.000814052000511
noise,1.453,60,0.9364451701044048,0.9205564626305058,0.0005067901884057
noise,1.454,60,0.9414950535699548,0.9268688169624434,0.0005830839968155
noise,1.455,60,0.9463660968642376,0.9329576210802968,0.0005178879525554
noise,1.456,60,0.9424112260984994,0.928014032623124,0.0004494190970079
noise,1.457,60,0.9440728351211862,0.9300910439014828,0.0005741354750377
noise,1.458,60,0.943271945284038,0.9290899316050476,0.0006852184812796
noise,1.459,60,0.9467350664183954,0.9334188330229942,0.0005503173065032
noise,1.46,60,0.9434485984805284,0.9293107481006604,0.0006379733579536
noise,1.461,60,0.9420808855274584,0.9276011069093232,0.0007047919209319
noise,1.462,60,0.9459016289312588,0.9323770361640734,0.0005063295305975
noise,1.463,60,0.9449200410573556,0.9311500513216944,0.0007534646992173
noise,1.464,60,0.9419787442036734,0.9274734302545918,0.0005428155698378
noise,1.465,60,0.9454472130609556,0.9318090163261946,0.0006883692128765
noise,1.466,60,0.9410425729390812,0.9263032161738514,0.0006739541399323
noise,1.467,60,0.9455185984955976,0.9318982481194972,0.0006804671970686
noise,1.468,60,0.9422088541247512,0.9277610676559392,0.0009403352100491
noise,1.469,60,0.943918051950436,0.9298975649380452,0.0003486880379288
noise,1.47,60,0.9434292664830114,0.9292865831037644,0.0006398602837983
noise,1.471,60,0.9422190312270892,0.9277737890338617,0.0006808430605355
noise,1.472,60,0.9423984559035684,0.9279980698794608,0.0005082356685656
noise,1.473,60,0.9439830737162987,0.9299788421453736,0.0006152987314679
noise,1.474,60,0.9392277238034916,0.9240346547543644,0.0007568935066651
noise,1.475,60,0.9462590166214424,0.932823770776803,0.0005457204601042
noise,1.476,60,0.943353344882882,0.9291916811036022,0.0006965447058404
noise,1.477,60,0.947083720271809,0.9338546503397612,0.0003667328231613
noise,1.478,60,0.948684389755581,0.935855487194476,0.0006802679312046
noise,1.479,60,0.9426274585272848,0.928284323159106,0.0007159119689344
noise,1.48,60,0.9383764256793544,0.922970532099193,0.0005591049700828
noise,1.481,60,0.9386280556616172,0.9232850695770216,0.0008223807638638
noise,1.482,60,0.9383775199213936,0.9229718999017416,0.0007263709587259
noise,1.483,60,0.9447851172272088,0.9309813965340114,0.0007313128423606
noise,1.484,60,0.9450744626354284,0.9313430782942854,0.0004036449592365
noise,1.485,60,0.9480628053860758,0.9350785067325948,0.0005332546038929
noise,1.486,60,0.9456501194181028,0.9320626492726284,0.0005156409121138
noise,1.487,60,0.944755615813643,0.9309445197670534,0.0005410332262558
noise,1.488,60,0.9405610749717952,0.925701343714744,0.0005303847932424
noise,1.489,60,0.9416047779151416,0.9270059723939268,0.0007766191685068
noise,1.49,60,0.942797594150954,0.9284969926886923,0.0006238351113863
noise,1.491,60,0.9403406976515812,0.9254258720644764,0.0006587936116692
noise,1.492,60,0.9419447953464612,0.9274309941830768,0.0004582716238822
noise,1.493,60,0.9446253347214708,0.9307816684018386,0.0006210303086694
noise,1.494,60,0.9467466331292826,0.9334332914116032,0.000594760286902
noise,1.495,60,0.944967666831534,0.931209583539418,0.0008705348670168
noise,1.496,60,0.9427539923536594,0.9284424904420744,0.0005778210885716
noise,1.497,60,0.9434403132008754,0.9293003915010944,0.0005528802043879
noise,1.498,60,0.9464568901910748,0.9330711127388436,0.0006223480854377
noise,1.499,60,0.9445152385512472,0.9306440481890592,0.0005177519792428
noise,1.5,60,0.9423430082983972,0.9279287603729964,0.0007643861493708
noise,1.501,60,0.9460080744774464,0.9325100930968075,0.0005866855946008
noise,1.502,60,0.939962768386409,0.9249534604830107,0.0009358434492974
noise,1.503,60,0.9408034211760686,0.926004276470086,0.0007371722372063
noise,1.504,60,0.946937608762108,0.933672010952635,0.0005552336484694
noise,1.505,60,0.9381357992272767,0.922669749034096,0.0004340691174593
noise,1.506,60,0.9411124577996396,0.9263905722495496,0.0007399195260848
noise,1.507,60,0.9475287249564308,0.9344109061955383,0.0005107691310558
noise,1.508,60,0.9392955646186908,0.9241194557733636,0.0010374059697066
noise,1.509,60,0.9405532498697464,0.9256915623371832,0.0007814075049279
noise,1.51,60,0.9430792882233124,0.9288491102791404,0.0004616467315035
noise,1.511,60,0.9400589219191542,0.9250736523989423,0.000646275956959
noise,1.512,60,0.9419841717234936,0.9274802146543668,0.0006322702333711
noise,1.513,60,0.9361718570140608,0.9202148212675756,0.0006926570889648
noise,1.514,60,0.9412088050944124,0.9265110063680156,0.0006873619497599
noise,1.515,60,0.9410545283417946,0.9263181604272432,0.0010924887620906
noise,1.516,60,0.937700293737211,0.9221253671715136,0.000529101137252
noise,1.517,60,0.944071837626508,0.9300897970331352,0.0006901320073021
noise,1.518,60,0.9415927635613376,0.926990954451672,0.0006322813244769
noise,1.519,60,0.9423192082317456,0.9278990102896818,0.000529963139318
noise,1.52,60,0.9372340708164664,0.9215425885205828,0.0006533746174477
noise,1.521,60,0.9406633033708474,0.9258291292135592,0.0005146125215288
noise,1.522,60,0.9335995545238568,0.9169994431548206,0.0006507798957761
noise,1.523,60,0.9423732699398628,0.9279665874248288,0.0006831989738869
noise,1.524,60,0.9359967745281224,0.9199959681601528,0.0007102350162748
noise,1.525,60,0.9333515534002808,0.9166894417503512,0.0007526288001565
noise,1.526,60,0.9423264623185812,0.9279080778982266,0.0005404606622207
noise,1.527,60,0.9434514991282472,0.9293143739103092,0.0004960016155582
noise,1.528,60,0.9346483366059384,0.9183104207574228,0.0006876105099287
noise,1.529,60,0.9401092406622112,0.9251365508277638,0.0007674140068137
noise,1.53,60,0.9335361044541152,0.9169201305676438,0.0006480114997129
noise,1.531,60,0.940162117659882,0.9252026470748524,0.0006525674932598
noise,1.532,60,0.9377997862176845,0.9222497327721054,0.0005719511701768
noise,1.533,60,0.9353208539611556,0.9191510674514444,0.00071711137618
noise,1.534,60,0.9348946377306496,0.9186182971633122,0.0009098105328081
noise,1.535,60,0.9374625312710674,0.9218281640888342,0.000680169073598
noise,1.536,60,0.933864175112488,0.9173302188906098,0.000945688691763
noise,1.537,60,0.94460130191249,0.9307516273906126,0.0004008093072509
noise,1.538,60,0.9387006449305249,0.923375806163156,0.0005879900669477
noise,1.539,60,0.9387419749661152,0.923427468707644,0.0006382524624194
noise,1.54,60,0.937163852545282,0.9214548156816026,0.0006064562258812
noise,1.541,60,0.9361202414011004,0.9201503017513756,0.0006795210415874
noise,1.542,60,0.9382569819766312,0.9228212274707888,0.0006724009267563
noise,1.543,60,0.9398177539668128,0.9247721924585156,0.0008087235687852
noise,1.544,60,0.9374574026170632,0.921821753271329,0.001063339907753
noise,1.545,60,0.9429628863805968,0.928703607975746,0.0005557486831459
noise,1.546,60,0.9414190720170708,0.9267738400213388,0.0006329354797553
noise,1.547,60,0.9382428024745364,0.9228035030931702,0.0005979971983844
noise,1.548,60,0.9348940269645084,0.9186175337056356,0.000438203857881
noise,1.549,60,0.9369850437671732,0.9212313047089664,0.0007698452963533
noise,1.55,60,0.9419616816974729,0.9274521021218408,0.0005174618721549
noise,1.551,60,0.94190699245521,0.9273837405690124,0.0005439184075732
noise,1.552,60,0.9374128049318772,0.9217660061648464,0.0005970006678951
noise,1.553,60,0.9405164976237176,0.9256456220296466,0.0005210365494646
noise,1.554,60,0.9323861164813554,0.915482645601694,0.0008173882946928
noise,1.555,60,0.9396841571534652,0.9246051964418311,0.0006725154423462
noise,1.556,60,0.942619668313262,0.9282745853915771,0.0006032618537295
noise,1.557,60,0.937360173410542,0.9217002167631774,0.000896678081791
noise,1.558,60,0.9387724942569472,0.923465617821184,0.0006862530553158
noise,1.559,60,0.9387213593268368,0.923401699158546,0.0008354089242451
noise,1.56,60,0.937478098453964,0.9218476230674548,0.0005195297419123
noise,1.561,60,0.9408846015739698,0.9261057519674624,0.0007324721547462
noise,1.562,60,0.9307937710872848,0.9134922138591056,0.0008662649383214
noise,1.563,60,0.9425467542056768,0.928183442757096,0.0007689035847208
noise,1.564,60,0.9372158288391196,0.9215197860488992,0.0008427095155197
noise,1.565,60,0.9399509849631862,0.9249387312039824,0.0007511748033062
noise,1.566,60,0.9369226083246,0.9211532604057502,0.0006796460786186
noise,1.567,60,0.942644103503718,0.9283051293796472,0.0005751346786321
noise,1.568,60,0.93668677645177,0.9208584705647126,0.0006123869563753
noise,1.569,60,0.9401797012167364,0.9252246265209204,0.0008457660675009
noise,1.57,60,0.9395068476030776,0.9243835595038468,0.0005137692101255
noise,1.571,60,0.9321115299155474,0.915139412394434,0.0007233465311395
noise,1.572,60,0.934574443453962,0.918218054317452,0.0008483411884158
noise,1.573,60,0.9273568145246956,0.9091960181558691,0.0007783613575602
noise,1.574,60,0.9388420329058186,0.9235525411322734,0.0007830456031055
noise,1.575,60,0.9342902409780968,0.9178628012226214,0.0006532413869228
noise,1.576,60,0.9370090944345556,0.9212613680431944,0.0008983238677868
noise,1.577,60,0.941371403399727,0.9267142542496586,0.0005187103073159
noise,1.578,60,0.9341835146804782,0.917729393350598,0.0007257287073666
noise,1.579,60,0.9405260550725648,0.925657568840706,0.0009130295687543
noise,1.58,60,0.9350712420392108,0.9188390525490135,0.0005775835442595
noise,1.581,60,0.935373448304834,0.9192168103810424,0.0008151340859149
noise,1.582,60,0.9305901851835318,0.9132377314794148,0.0007300866859546
noise,1.583,60,0.9376868187477672,0.922108523434709,0.0005776834998044
noise,1.584,60,0.9365643469170982,0.9207054336463728,0.0008251403034861
noise,1.585,60,0.9373394517459483,0.9216743146824352,0.0006823784046702
noise,1.586,60,0.936884236981895,0.9211052962273684,0.0005452243086707
noise,1.587,60,0.9332131976097412,0.9165164970121764,0.0008555970808227
noise,1.588,60,0.9319015585350692,0.914876948168836,0.0009062327681045
noise,1.589,60,0.9301667067938132,0.9127083834922662,0.0006828717561888
noise,1.59,60,0.928249688261719,0.9103121103271488,0.0009872094559315
noise,1.591,60,0.932924165286903,0.9161552066086286,0.0006438687695088
noise,1.592,60,0.9331887219368856,0.9164859024211072,0.0009519420209154
noise,1.593,60,0.9322672254375984,0.915334031796998,0.001085018374833
noise,1.594,60,0.9341602405808156,0.9177003007260196,0.0005550787044135
noise,1.595,60,0.9303964115103132,0.9129955143878912,0.0007872706434806
noise,1.596,60,0.9377622780020766,0.9222028475025956,0.0006752407604701
noise,1.597,60,0.9220705866428034,0.9025882333035042,0.0010055390355257
noise,1.598,60,0.93149925232335,0.9143740654041874,0.0006643601171599
noise,1.599,60,0.9367734355893366,0.9209667944866708,0.0008433271778884
noise,1.6,60,0.9374828942181888,0.921853617772736,0.0007581011596812
noise,1.601,60,0.933169816325134,0.9164622704064176,0.0004807190262936
noise,1.602,60,0.9380876471877616,0.922609558984702,0.000534783129708
noise,1.603,60,0.9327337936101524,0.9159172420126908,0.0007461119190586
noise,1.604,60,0.9353555767577976,0.9191944709472472,0.0008536239452881
noise,1.605,60,0.937140661046869,0.921425826308586,0.0007760835720938
noise,1.606,60,0.938389581045146,0.9229869763064326,0.0006399744138895
noise,1.607,60,0.934300320889917,0.9178754011123964,0.0009309763065596
noise,1.608,60,0.940085789592629,0.9251072369907862,0.0005559215760559
noise,1.609,60,0.9356192902950085,0.9195241128687603,0.0007097376158385
noise,1.61,60,0.933805405573195,0.9172567569664936,0.0005458383126393
noise,1.611,60,0.9300564856577982,0.9125706070722476,0.0009082489136216
noise,1.612,60,0.9328068093453664,0.9160085116817076,0.0009489065323215
noise,1.613,60,0.9310182718987924,0.9137728398734905,0.0008783015844595
noise,1.614,60,0.9300936840712832,0.912617105089104,0.0006613518719283
noise,1.615,60,0.9357954001447646,0.9197442501809556,0.0007062199799314
noise,1.616,60,0.9332961525714252,0.9166201907142816,0.0005523166788542
noise,1.617,60,0.9329445544953744,0.9161806931192178,0.0006524229000127
noise,1.618,60,0.9272771730147856,0.9090964662684816,0.0007129410993137
noise,1.619,60,0.9382477415217466,0.9228096769021832,0.0009223591301662
noise,1.62,60,0.9356188541832116,0.9195235677290142,0.0008837616697517
noise,1.621,60,0.930590616299525,0.913238270374406,0.0010455040062185
noise,1.622,60,0.936048708667768,0.9200608858347096,0.0007727754737202
noise,1.623,60,0.9322521166381712,0.9153151457977142,0.0009669403223843
noise,1.624,60,0.9312508676818354,0.9140635846022944,0.000729893585855
noise,1.625,60,0.9294959052945244,0.911869881618156,0.0010317897459129
noise,1.626,60,0.93496297799313,0.9187037224914124,0.0009362122175493
noise,1.627,60,0.9313585438426722,0.9141981798033404,0.0008872417130909
noise,1.628,60,0.9250068853283684,0.90625860666046,0.0009620078908088
noise,1.629,60,0.9244027290135725,0.9055034112669654,0.0006469526825736
noise,1.63,60,0.9386293354003062,0.9232866692503828,0.0007276645888309
noise,1.631,60,0.9344847756341992,0.918105969542749,0.0010344450960913
noise,1.632,60,0.933037496977661,0.9162968712220764,0.0009240292508755
noise,1.633,60,0.9310856822231058,0.9138571027788822,0.0009253754506267
noise,1.634,60,0.926320565690302,0.907900707112877,0.0007083392355496
noise,1.635,60,0.9420380839246828,0.9275476049058536,0.0008522240767508
noise,1.636,60,0.9380649045740086,0.9225811307175108,0.000703956625137
noise,1.637,60,0.9313782755704172,0.914222844463022,0.0009727890819403
noise,1.638,60,0.9400492369613056,0.9250615462016316,0.000556458381035
noise,1.639,60,0.9337741183221452,0.9172176479026812,0.0008023224938601
noise,1.64,60,0.9352330468643034,0.9190413085803796,0.0007674055920048
noise,1.641,60,0.9285437910734844,0.9106797388418552,0.000956465684019
noise,1.642,60,0.9341856104573636,0.9177320130717044,0.0006459207994519
noise,1.643,60,0.9285129783783556,0.9106412229729446,0.0006693348293043
noise,1.644,60,0.9345961786345548,0.9182452232931934,0.001033713375446
noise,1.645,60,0.9315228749560952,0.914403593695119,0.0008380016821808
noise,1.646,60,0.9260864434814672,0.9076080543518342,0.0006897561661291
noise,1.647,60,0.928296218568984,0.91037027321123,0.001027174870978
noise,1.648,60,0.928409327372108,0.9105116592151352,0.0012297003806171
noise,1.649,60,0.9287143819612328,0.9108929774515412,0.0009623004268732
noise,1.65,60,0.933840637305528,0.91730079663191,0.0007221813126017
noise,1.651,60,0.9294265926009532,0.9117832407511912,0.0008899979016931
noise,1.652,60,0.9362109783994246,0.9202637229992806,0.0008162300925608
noise,1.653,60,0.9379431949622292,0.922428993702787,0.0005448287083824
noise,1.654,60,0.9333431152010612,0.9166788940013264,0.0007161366177883
noise,1.655,60,0.933792112384226,0.9172401404802826,0.0008742540234732
noise,1.656,60,0.9277419781741764,0.90967747271772,0.0009720613457967
noise,1.657,60,0.9273146553355556,0.9091433191694448,0.0008221045947475
noise,1.658,60,0.9260829906854102,0.9076037383567628,0.0011152794917922
noise,1.659,60,0.9248018199256168,0.906002274907021,0.0012493912297476
noise,1.66,60,0.9248121321080492,0.9060151651350616,0.000778278953137
noise,1.661,60,0.9310310107252632,0.9137887634065788,0.0008192445877164
noise,1.662,60,0.9335469842728294,0.9169337303410368,0.0009764093614172
noise,1.663,60,0.925128346114322,0.9064104326429024,0.0011788091629462
noise,1.664,60,0.929446409752078,0.9118080121900972,0.0008485149026786
noise,1.665,60,0.9300149237681986,0.912518654710248,0.0008390260286746
noise,1.666,60,0.9273119183411564,0.9091398979264456,0.000746320453593
noise,1.667,60,0.9325899684512864,0.9157374605641078,0.0006615103746443
noise,1.668,60,0.9311422721797912,0.9139278402247386,0.0009436157185826
noise,1.669,60,0.9321506841341468,0.9151883551676836,0.0010731194256951
noise,1.67,60,0.9273603825614942,0.9092004782018676,0.0008902467261756
noise,1.671,60,0.9295003921602344,0.9118754902002928,0.0011169476071407
noise,1.672,60,0.931685378741258,0.9146067234265728,0.0007845948284133
noise,1.673,60,0.9315119520981114,0.914389940122639,0.0009040925132123
noise,1.674,60,0.9287162928615748,0.9108953660769684,0.0008863291699842
noise,1.675,60,0.9322699517152846,0.9153374396441056,0.0010158702532224
noise,1.676,60,0.9276329413157348,0.9095411766446688,0.0008731099864681
noise,1.677,60,0.9343517075895093,0.9179396344868864,0.0008728058398328
noise,1.678,60,0.9247052241625052,0.9058815302031316,0.0008904530425163
noise,1.679,60,0.925138959986434,0.9064236999830424,0.0008115379897411
noise,1.68,60,0.9210632288376236,0.9013290360470296,0.0009317776540385
noise,1.681,60,0.9247920175504964,0.9059900219381204,0.0007485762586601
noise,1.682,60,0.9252723496059292,0.9065904370074116,0.0011084486986053
noise,1.683,60,0.9262787899513154,0.907848487439144,0.0011345775758892
noise,1.684,60,0.9252277452984312,0.9065346816230392,0.0010804224932741
noise,1.685,60,0.9301022629143212,0.9126278286429014,0.0011999843751231
noise,1.686,60,0.9248971883757636,0.9061214854697044,0.0006410390681462
noise,1.687,60,0.9311901035948026,0.9139876294935032,0.0008121079740223
noise,1.688,60,0.9317297688454872,0.9146622110568589,0.0010228615828644
noise,1.689,60,0.9277206119288832,0.909650764911104,0.0013717240335745
noise,1.69,60,0.9286232250631732,0.9107790313289664,0.0010227508609858
noise,1.691,60,0.9253391363970236,0.9066739204962792,0.000996935598054
noise,1.692,60,0.9284691381590164,0.9105864226987708,0.0007812908397133
noise,1.693,60,0.9192836516843887,0.899104564605486,0.0010622900419264
noise,1.694,60,0.9327729930110848,0.9159662412638556,0.0006372327636428
noise,1.695,60,0.9256711657834306,0.9070889572292884,0.0010089707895188
noise,1.696,60,0.9219610805483726,0.9024513506854656,0.0007911881174172
noise,1.697,60,0.928843307575972,0.9110541344699646,0.0008980552226855
noise,1.698,60,0.9193230483675278,0.8991538104594099,0.0011607562282714
noise,1.699,60,0.930330643462696,0.9129133043283704,0.0007854958403866
noise,1.7,60,0.9258047087557644,0.9072558859447052,0.0008809542835538
noise,1.701,60,0.9290833171102456,0.9113541463878068,0.0006886556545318
noise,1.702,60,0.9252951114287964,0.9066188892859954,0.0008274581148878
noise,1.703,60,0.9284983070801552,0.910622883850194,0.0006673969102019
noise,1.704,60,0.92659769565954,0.9082471195744246,0.0010528551022607
noise,1.705,60,0.9189557251676947,0.8986946564596183,0.0009343457210846
noise,1.706,60,0.9183416897190058,0.897927112148757,0.0011376839797977
noise,1.707,60,0.9249836979198676,0.9062296223998344,0.0009742639881149
noise,1.708,60,0.92308618125885,0.9038577265735624,0.001227429527702
noise,1.709,60,0.9223173901163438,0.9028967376454295,0.0011427181594424
noise,1.71,60,0.9250538896121,0.906317362015125,0.0008775670495062
noise,1.711,60,0.9229055646382512,0.9036319557978136,0.0006905697162627
noise,1.712,60,0.9275817461768756,0.9094771827210943,0.0007589514168827
noise,1.713,60,0.9175893810283576,0.8969867262854473,0.0009109082135364
noise,1.714,60,0.9214202293429834,0.9017752866787292,0.0012294095632834
noise,1.715,60,0.9184400706962462,0.8980500883703079,0.0009033192335327
noise,1.716,60,0.9192208854324192,0.8990261067905243,0.0011350965790716
noise,1.717,60,0.9254783094096376,0.9068478867620472,0.0008519597868587
noise,1.718,60,0.9218958763491144,0.9023698454363932,0.0006529212375446
noise,1.719,60,0.9200106088227976,0.9000132610284971,0.0016504424356469
noise,1.72,60,0.928342736395887,0.9104284204948586,0.000960177947617
noise,1.721,60,0.9313609570789484,0.9142011963486854,0.0009106029931182
noise,1.722,60,0.9259525851618854,0.9074407314523566,0.0011052154720712
noise,1.723,60,0.9234775707483608,0.9043469634354512,0.0007182749584109
noise,1.724,60,0.9268669804499948,0.9085837255624936,0.001006512860888
noise,1.725,60,0.9288028183148648,0.911003522893581,0.0008100771394121
noise,1.726,60,0.920727213212806,0.9009090165160074,0.0009841861259265
noise,1.727,60,0.9274196565523352,0.909274570690419,0.0008465624225823
noise,1.728,60,0.9251569667419124,0.9064462084273904,0.001260100582033
noise,1.729,60,0.9307000850859936,0.913375106357492,0.0006655441459333
noise,1.73,60,0.9181478817176658,0.897684852147082,0.0011672309703656
noise,1.731,60,0.923854132466152,0.90481766558269,0.0010684233976541
noise,1.732,60,0.9273127544930292,0.9091409431162862,0.0013112415021151
noise,1.733,60,0.9250230107522944,0.9062787634403686,0.0011123476671862
noise,1.734,60,0.9232391475664272,0.904048934458034,0.0011701590010578
noise,1.735,60,0.928599026227222,0.9107487827840272,0.0009227058469045
noise,1.736,60,0.9217033791868726,0.9021292239835907,0.0006641960006847
noise,1.737,60,0.924481406027058,0.905601757533822,0.0008587881637487
noise,1.738,60,0.925222860969288,0.90652857621161,0.000876732661301
noise,1.739,60,0.915751055306351,0.8946888191329386,0.001502829157233
noise,1.74,60,0.9213586468163212,0.9016983085204016,0.0011952936634812
noise,1.741,60,0.9231984989053874,0.9039981236317344,0.0010907664267465
noise,1.742,60,0.9223520910243712,0.9029401137804636,0.0011128413166775
noise,1.743,60,0.9250215120805318,0.9062768901006644,0.000879812176684
noise,1.744,60,0.9243789191746916,0.9054736489683644,0.0008095589405117
noise,1.745,60,0.9231636474371152,0.903954559296394,0.0008616421125974
noise,1.746,60,0.9210552472397698,0.901319059049712,0.001173392356261
noise,1.747,60,0.9235516520108884,0.9044395650136106,0.0009886182135888
noise,1.748,60,0.9254671266790332,0.9068339083487916,0.0010211718090299
noise,1.749,60,0.916792144001035,0.8959901800012937,0.0008377523797558
noise,1.75,60,0.9257974809776264,0.9072468512220327,0.0009303265305057
noise,1.751,60,0.9229869632753664,0.9037337040942082,0.0009402519480922
noise,1.752,60,0.9223091807903676,0.9028864759879596,0.0012650434994433
noise,1.753,60,0.9161576159152452,0.8951970198940564,0.0013762313413436
noise,1.754,60,0.9175901195287208,0.8969876494109009,0.0012326862028884
noise,1.755,60,0.9143338641086876,0.8929173301358594,0.0007874494640566
noise,1.756,60,0.9183456227413768,0.8979320284267212,0.0012309652008315
noise,1.757,60,0.9263421348822192,0.907927668602774,0.0007120870747468
noise,1.758,60,0.921796681309096,0.9022458516363698,0.0012148338080351
noise,1.759,60,0.9133617556981644,0.8917021946227054,0.0008547237167889
noise,1.76,60,0.9191123275268992,0.8988904094086241,0.0010579505579607
noise,1.761,60,0.9179989324325796,0.8974986655407242,0.0009137570811988
noise,1.762,60,0.9242336582646886,0.9052920728308608,0.0006649522836719
noise,1.763,60,0.9192655884246688,0.8990819855308356,0.0009271688922464
noise,1.764,60,0.924257282952506,0.9053216036906324,0.000998077968631
noise,1.765,60,0.9242611414930446,0.9053264268663056,0.0009340165489071
noise,1.766,60,0.920007206827346,0.9000090085341822,0.001146508378685
noise,1.767,60,0.9206326902607076,0.9007908628258844,0.0006092941305173
noise,1.768,60,0.9175873966317792,0.8969842457897238,0.0012708607297555
noise,1.769,60,0.9189433797925524,0.8986792247406906,0.0012960935416883
noise,1.77,60,0.9227839917622253,0.9034799897027814,0.0007879806630416
noise,1.771,60,0.9238502822935708,0.9048128528669632,0.0012788356055005
noise,1.772,60,0.9263898921454118,0.9079873651817648,0.0010856762358542
noise,1.773,60,0.9146728055078585,0.8933410068848228,0.0010347874223426
noise,1.774,60,0.914454457265868,0.8930680715823348,0.0010889096511008
noise,1.775,60,0.9201488897210968,0.9001861121513713,0.0009092433432278
noise,1.776,60,0.9155918937051162,0.8944898671313956,0.0011093150510664
noise,1.777,60,0.9226756758458956,0.903344594807369,0.0009017182556661
noise,1.778,60,0.9184601919451992,0.898075239931499,0.0010039363611351
noise,1.779,60,0.9207748185245382,0.9009685231556728,0.0010658722241144
noise,1.78,60,0.9170183666181948,0.8962729582727434,0.0007253776094857
noise,1.781,60,0.9167763956595572,0.8959704945744462,0.0010367677215442
noise,1.782,60,0.9185941518228148,0.8982426897785184,0.000806942158566
noise,1.783,60,0.9248315114219828,0.9060393892774786,0.0016552760260382
noise,1.784,60,0.9144338126773304,0.8930422658466629,0.0008231988921569
noise,1.785,60,0.9219946585164616,0.9024933231455764,0.0006739102949787
noise,1.786,60,0.9195343144892842,0.899417893111605,0.0009015023368648
noise,1.787,60,0.917465438811104,0.8968317985138797,0.0007060209541822
noise,1.788,60,0.916586822464118,0.8957335280801476,0.000975570210028
noise,1.789,60,0.921894557336024,0.9023681966700304,0.0009909375883448
noise,1.79,60,0.9265242030135422,0.9081552537669276,0.0008017451384795
noise,1.791,60,0.9239805568815572,0.9049756961019464,0.0014226525845189
noise,1.792,60,0.9186560167029064,0.8983200208786329,0.0014560444712244
noise,1.793,60,0.9253206666775556,0.9066508333469442,0.0009456004192617
noise,1.794,60,0.9133898602244752,0.8917373252805939,0.0013123002296707
noise,1.795,60,0.9207754894595744,0.9009693618244682,0.0007743091903849
noise,1.796,60,0.923678353755668,0.904597942194585,0.0015011794836958
noise,1.797,60,0.9139466045804928,0.8924332557256157,0.0009702754996768
noise,1.798,60,0.9116204869335884,0.8895256086669854,0.0013002363939324
noise,1.799,60,0.917422805530758,0.8967785069134474,0.0011437210423131
noise,1.8,60,0.919018297751766,0.8987728721897074,0.0011617669656091
noise,1.801,60,0.9129321980431488,0.891165247553936,0.0012302616516019
noise,1.802,60,0.9213743570539652,0.9017179463174568,0.0009477525946304
noise,1.803,60,0.9151848951212078,0.8939811189015093,0.0014474738720101
noise,1.804,60,0.9212520172345242,0.9015650215431548,0.001493731947068
noise,1.805,60,0.9181706608840056,0.8977133261050066,0.001295994169219
noise,1.806,60,0.9151924038424184,0.8939905048030231,0.00105633044119
noise,1.807,60,0.9173666593410236,0.8967083241762795,0.0007174729396746
noise,1.808,60,0.9175754301095768,0.896969287636971,0.0011551087071275
noise,1.809,60,0.9167412615534734,0.8959265769418417,0.0010774987287312
noise,1.81,60,0.922881705731598,0.9036021321644976,0.0012869579192276
noise,1.811,60,0.9187318767476556,0.8984148459345697,0.0009525480619388
noise,1.812,60,0.9119574383204324,0.8899467979005407,0.0013031599454555
noise,1.813,60,0.9153573930166812,0.8941967412708514,0.0007371142883197
noise,1.814,60,0.9112317060345791,0.8890396325432239,0.0012557015127504
noise,1.815,60,0.9160857809173272,0.8951072261466589,0.0008801812233465
noise,1.816,60,0.9223454975297533,0.9029318719121914,0.0010432421496257
noise,1.817,60,0.9154109341958482,0.8942636677448104,0.0010401840518224
noise,1.818,60,0.9178282942431146,0.8972853678038936,0.0013023589833929
noise,1.819,60,0.91657650086489,0.8957206260811125,0.0009915649339783
noise,1.82,60,0.9160438466313526,0.8950548082891905,0.0009096992826855
noise,1.821,60,0.9176411055718368,0.8970513819647962,0.0013447263720346
noise,1.822,60,0.9148390412018352,0.8935488015022937,0.0009735847489023
noise,1.823,60,0.916224299069215,0.8952803738365186,0.0009373508194225
noise,1.824,60,0.9045229933354794,0.8806537416693492,0.0009433277236982
noise,1.825,60,0.9192474697799332,0.8990593372249164,0.000694341989023
noise,1.826,60,0.915652128172453,0.8945651602155661,0.0013025815114415
noise,1.827,60,0.9219056961368997,0.9023821201711244,0.0013718946486866
noise,1.828,60,0.9137911077016656,0.8922388846270822,0.0010322740417607
noise,1.829,60,0.9161337679103788,0.8951672098879736,0.0010143897393482
noise,1.83,60,0.9128700494612072,0.8910875618265088,0.0010417884658742
noise,1.831,60,0.9174473873656755,0.8968092342070944,0.0014705225822824
noise,1.832,60,0.911231539680879,0.8890394246010989,0.0011516956767769
noise,1.833,60,0.91456746678838,0.8932093334854747,0.0012449934009769
noise,1.834,60,0.9122418269214968,0.8903022836518711,0.0015892738403279
noise,1.835,60,0.9146389463320616,0.8932986829150772,0.0011727402678837
noise,1.836,60,0.9179689077363886,0.8974611346704855,0.0010844890673016
noise,1.837,60,0.915008866099656,0.8937610826245699,0.0011235977047203
noise,1.838,60,0.91324584935378,0.891557311692225,0.0009513933252048
noise,1.839,60,0.9111822937986304,0.8889778672482881,0.0011397005432492
noise,1.84,60,0.9111122674296724,0.8888903342870905,0.0010729312479729
noise,1.841,60,0.9171801226233788,0.8964751532792238,0.0016332290866371
noise,1.842,60,0.9137441360152476,0.8921801700190595,0.0010801219932147
noise,1.843,60,0.9140520502328012,0.8925650627910015,0.0009260199740611
noise,1.844,60,0.9141648752665916,0.8927060940832399,0.0016120070242083
noise,1.845,60,0.908437847727395,0.8855473096592436,0.0013417382410798
noise,1.846,60,0.9124963453400023,0.8906204316750032,0.0011908186381707
noise,1.847,60,0.9102641933905884,0.8878302417382355,0.0012872285747676
noise,1.848,60,0.91729008405493,0.8966126050686625,0.0013613970757365
noise,1.849,60,0.9126972605184396,0.8908715756480494,0.0009768265205824
noise,1.85,60,0.9118905163134076,0.8898631453917593,0.0010804756475771
noise,1.851,60,0.913235670082038,0.8915445876025477,0.0009920483753127
noise,1.852,60,0.9154319287628728,0.8942899109535908,0.0012961399266782
noise,1.853,60,0.9152655575574145,0.8940819469467683,0.0014686791538897
noise,1.854,60,0.908916906535432,0.88614613316929,0.001662766424653
noise,1.855,60,0.9121965950509,0.8902457438136249,0.0016304975252308
noise,1.856,60,0.9136118478033116,0.8920148097541393,0.0009366308199327
noise,1.857,60,0.9140140154890264,0.8925175193612832,0.0011979703788404
noise,1.858,60,0.911849583007428,0.8898119787592847,0.0011281257269331
noise,1.859,60,0.9130996259424826,0.8913745324281035,0.0010226783233212
noise,1.86,60,0.9141305917434496,0.8926632396793117,0.0011183984255366
noise,1.861,60,0.916002649562668,0.895003311953335,0.0009081761924666
noise,1.862,60,0.9196685563237604,0.8995856954047003,0.001144165312542
noise,1.863,60,0.9158445984236172,0.8948057480295213,0.0011728476905203
noise,1.864,60,0.9119059796837576,0.8898824746046966,0.0012032922586818
noise,1.865,60,0.9086407637138588,0.8858009546423237,0.0010805022025052
noise,1.866,60,0.912356628166472,0.8904457852080899,0.0009725237052704
noise,1.867,60,0.9180914469629392,0.8976143087036743,0.0012179037438212
noise,1.868,60,0.9140891781451166,0.8926114726813955,0.0015129364449475
noise,1.869,60,0.9167120810632976,0.8958901013291223,0.0009537165780668
noise,1.87,60,0.913166694859951,0.891458368574939,0.0009587031442002
noise,1.871,60,0.9177914270587816,0.8972392838234771,0.0010523374938348
noise,1.872,60,0.9106600909373892,0.8883251136717364,0.0011349038432942
noise,1.873,60,0.9070009970369448,0.8837512462961811,0.0016678981813134
noise,1.874,60,0.9175183797777636,0.8968979747222044,0.0011690432915776
noise,1.875,60,0.9135575710271432,0.8919469637839289,0.0013729957089665
noise,1.876,60,0.9108130463924876,0.8885163079906092,0.0013871617969382
noise,1.877,60,0.9188931079312548,0.8986163849140684,0.0010645256504737
noise,1.878,60,0.9117770769487632,0.8897213461859541,0.0014846471931137
noise,1.879,60,0.9054997117632496,0.8818746397040621,0.0011374525124456
noise,1.88,60,0.9181264220159532,0.8976580275199414,0.0010628554042588
noise,1.881,60,0.9080728984062636,0.8850911230078291,0.0012989066865175
noise,1.882,60,0.9175212174534728,0.8969015218168411,0.001063834587921
noise,1.883,60,0.9183903819882272,0.897987977485284,0.0010859149728591
noise,1.884,60,0.9167182746725732,0.8958978433407165,0.0013625183938303
noise,1.885,60,0.9031167398131564,0.8788959247664457,0.0026112275692295
noise,1.886,60,0.9090071189871914,0.886258898733989,0.0013043148251131
noise,1.887,60,0.9065566330338026,0.8831957912922535,0.0014429633369253
noise,1.888,60,0.9094849114812212,0.8868561393515265,0.0010834312888574
noise,1.889,60,0.912910907027342,0.8911386337841772,0.0008728337067222
noise,1.89,60,0.908062598246464,0.88507824780808,0.0008355873021377
noise,1.891,60,0.9126771311500042,0.8908464139375051,0.0018183640309444
noise,1.892,60,0.905709369024324,0.8821367112804048,0.0010843346394823
noise,1.893,60,0.9073907450035166,0.8842384312543959,0.0013027553438735
noise,1.894,60,0.9109615264360444,0.8887019080450553,0.0010621314245836
noise,1.895,60,0.9127923564679916,0.8909904455849892,0.0012341781202175
noise,1.896,60,0.9027973333361724,0.8784966666702156,0.0012208152383143
noise,1.897,60,0.9056467528401626,0.8820584410502033,0.0012994848055612
noise,1.898,60,0.906364809684632,0.8829560121057899,0.0013265819566844
noise,1.899,60,0.9133106333343048,0.8916382916678809,0.000895708648639
noise,1.9,60,0.91372261019933,0.8921532627491623,0.0009806710422129
noise,1.901,60,0.9141167359158991,0.8926459198948741,0.0009074270892048
noise,1.902,60,0.9108136119654124,0.8885170149567653,0.0011248092768219
noise,1.903,60,0.9120717557444769,0.8900896946805958,0.0013328974563209
noise,1.904,60,0.9020682872381236,0.8775853590476547,0.0019110249183864
noise,1.905,60,0.9099654980237126,0.8874568725296407,0.0010382883990687
noise,1.906,60,0.915430707906654,0.8942883848833173,0.0019303380699944
noise,1.907,60,0.9097390742342892,0.8871738427928615,0.0010392386418402
noise,1.908,60,0.9098310217599196,0.8872887771998995,0.0015162926056024
noise,1.909,60,0.9039068109225004,0.8798835136531254,0.0010139970142533
noise,1.91,60,0.9111903736872916,0.8889879671091142,0.0010776143886634
noise,1.911,60,0.9081862212811546,0.8852327766014431,0.0013690063451646
noise,1.912,60,0.9060438447892466,0.8825548059865583,0.0015024555515907
noise,1.913,60,0.9108890053544558,0.8886112566930696,0.0015778551328567
noise,1.914,60,0.9077070355913048,0.8846337944891312,0.0012990087326597
noise,1.915,60,0.906259794748865,0.8828247434360813,0.0018619898389921
noise,1.916,60,0.9106825727453616,0.8883532159317018,0.001284138644842
noise,1.917,60,0.9037531244949876,0.8796914056187347,0.0009356280819648
noise,1.918,60,0.9092307265823394,0.8865384082279242,0.0011277998499238
noise,1.919,60,0.9137657691982308,0.8922072114977887,0.0013793781209043
noise,1.92,60,0.9046087668398928,0.880760958549866,0.0013779898331975
noise,1.921,60,0.9069873044786476,0.8837341305983097,0.0015922452677248
noise,1.922,60,0.9012791763070775,0.8765989703838473,0.0008517255819275
noise,1.923,60,0.9062973839210444,0.8828717299013056,0.0009907083850585
noise,1.924,60,0.9114431167050058,0.8893038958812571,0.0014543006031699
noise,1.925,60,0.9053581529914936,0.881697691239367,0.0013107309679878
noise,1.926,60,0.9129486631852204,0.8911858289815253,0.0012489562057191
noise,1.927,60,0.9089778054570036,0.8862222568212543,0.0014752212933136
noise,1.928,60,0.8983306538456106,0.8729133173070133,0.0012775138237051
noise,1.929,60,0.9072730462294688,0.8840913077868358,0.0012663379776331
noise,1.93,60,0.9054527439005222,0.8818159298756528,0.0013340990866184
noise,1.931,60,0.9049504675939332,0.8811880844924168,0.001977772361688
noise,1.932,60,0.908757969905298,0.8859474623816226,0.0016192369167631
noise,1.933,60,0.9142930579243492,0.8928663224054364,0.0011935244632534
noise,1.934,60,0.90244214175177,0.8780526771897126,0.0009105115538859
noise,1.935,60,0.9041230816547368,0.8801538520684211,0.001318168856949
noise,1.936,60,0.904531906690532,0.8806648833631648,0.0015057430316797
noise,1.937,60,0.9048343155624108,0.8810428944530134,0.0011686542948945
noise,1.938,60,0.909596138178004,0.8869951727225048,0.0014598957127822
noise,1.939,60,0.9066988825367496,0.8833736031709368,0.0018276135932471
noise,1.94,60,0.8997353843668588,0.8746692304585735,0.0021228101929474
noise,1.941,60,0.90451513282966,0.8806439160370753,0.0012459091922993
noise,1.942,60,0.9095508923671336,0.8869386154589173,0.0013580048830565
noise,1.943,60,0.9098087400917876,0.8872609251147344,0.0013373070523655
noise,1.944,60,0.900494265031131,0.8756178312889136,0.0012813749913369
noise,1.945,60,0.9061694300371592,0.8827117875464492,0.0011563433604766
noise,1.946,60,0.9151320467149936,0.893915058393742,0.0007823170527242
noise,1.947,60,0.907103644351307,0.8838795554391338,0.001236849329156
noise,1.948,60,0.8870882163294547,0.8588602704118184,0.002082973209296
noise,1.949,60,0.9015748500059426,0.8769685625074284,0.0019088510353846
noise,1.95,60,0.9074220881374744,0.884277610171843,0.0014856785673773
noise,1.951,60,0.9000358400475501,0.8750448000594375,0.0012782997430532
noise,1.952,60,0.9027225557485434,0.8784031946856793,0.0013850780892424
noise,1.953,60,0.9065647374089888,0.8832059217612362,0.0011570301818084
noise,1.954,60,0.9113617572329362,0.8892021965411702,0.0015408128404661
noise,1.955,60,0.902137992686856,0.8776724908585699,0.0011892281684499
noise,1.956,60,0.9041314181122908,0.8801642726403635,0.001061140952296
noise,1.957,60,0.9045595361282676,0.8806994201603343,0.0017159232279912
noise,1.958,60,0.903250081376742,0.8790626017209278,0.0013551700551242
noise,1.959,60,0.9101276443393062,0.8876595554241328,0.0015259352782419
noise,1.96,60,0.9054196677379762,0.8817745846724704,0.0011743441847735
noise,1.961,60,0.9033645590668472,0.879205698833559,0.002160071549769
noise,1.962,60,0.9059525002258813,0.8824406252823515,0.0016875016570958
noise,1.963,60,0.9132343603122148,0.8915429503902687,0.0008723231056026
noise,1.964,60,0.9021362557443452,0.8776703196804316,0.0015931089949131
noise,1.965,60,0.8991260423619389,0.8739075529524237,0.0016827274999778
noise,1.966,60,0.9110579155830444,0.8888223944788056,0.0012263657056861
noise,1.967,60,0.9100471060727956,0.8875588825909941,0.0008222500548055
noise,1.968,60,0.9017655381893884,0.8772069227367357,0.0015113981412742
noise,1.969,60,0.9037080080857074,0.8796350101071341,0.0015660516153729
noise,1.97,60,0.8948423414520932,0.8685529268151166,0.0018972742771668
noise,1.971,60,0.8995896098435576,0.8744870123044474,0.0015117735653174
noise,1.972,60,0.909235445157933,0.886544306447416,0.0013860194409008
noise,1.973,60,0.9023712858266048,0.877964107283256,0.0011230345050957
noise,1.974,60,0.9038405888535612,0.8798007360669514,0.0008428518550851
noise,1.975,60,0.9078175363130356,0.8847719203912947,0.0013701349225031
noise,1.976,60,0.8993073545967647,0.8741341932459561,0.0014844246646148
noise,1.977,60,0.908020512296478,0.8850256403705973,0.0017162371365366
noise,1.978,60,0.9012916404239384,0.8766145505299228,0.001224000331834
noise,1.979,60,0.895875299824779,0.8698441247809736,0.0016137305770754
noise,1.98,60,0.8961765279499077,0.8702206599373846,0.0023070965832396
noise,1.981,60,0.9049336641277947,0.8811670801597434,0.0017684273166512
noise,1.982,60,0.890265194234014,0.8628314927925173,0.0016521965339687
noise,1.983,60,0.9004572891995825,0.8755716114994779,0.0016852806386397
noise,1.984,60,0.8984624760153026,0.873078095019128,0.0016277663789584
noise,1.985,60,0.9073144548459038,0.8841430685573797,0.0018886958339896
noise,1.986,60,0.8963726175358716,0.8704657719198393,0.0012181882910964
noise,1.987,60,0.8993740483268028,0.8742175604085036,0.0014552466776952
noise,1.988,60,0.9006353402046288,0.8757941752557861,0.0015079881809245
noise,1.989,60,0.9036495238683918,0.8795619048354897,0.0011099051006275
noise,1.99,60,0.8973085440438283,0.8716356800547851,0.0017770861662596
noise,1.991,60,0.9051040779111044,0.8813800973888806,0.0015644291780193
noise,1.992,60,0.9064645043848768,0.8830806304810958,0.0012672411789792
noise,1.993,60,0.8889715205764486,0.8612144007205607,0.0023784121225496
noise,1.994,60,0.9045412231267912,0.8806765289084889,0.0013872399660551
noise,1.995,60,0.9018117851492148,0.8772647314365185,0.00188062291154
noise,1.996,60,0.8913049168318896,0.8641311460398619,0.0019236737723908
noise,1.997,60,0.8985297055863154,0.8731621319828942,0.0012611987072483
noise,1.998,60,0.8998495646867767,0.8748119558584707,0.001315146742339
noise,1.999,60,0.9056214683377568,0.8820268354221963,0.0012948677452181
noise,2.0,60,0.900087126979369,0.8751089087242114,0.0016339734586811
noise,2.001,60,0.8972004000820226,0.8715005001025282,0.0018138416410445
noise,2.002,60,0.901048191019706,0.876310238774633,0.0013149247534063
noise,2.003,60,0.8977871918421174,0.8722339898026467,0.0013067654759455
noise,2.004,60,0.8944219955654301,0.8680274944567877,0.0014845836640679
noise,2.005,60,0.899745846183245,0.874682307729056,0.0020455524682739
noise,2.006,60,0.8982030371173959,0.8727537963967448,0.0014365087661488
noise,2.007,60,0.9078190492800328,0.8847738116000409,0.0011719579095424
noise,2.008,60,0.9037472685576596,0.8796840856970748,0.0009411731570802
noise,2.009,60,0.8912776896554035,0.8640971120692544,0.0020163975954609
noise,2.01,60,0.9016680598278616,0.8770850747848268,0.0015480162958475
noise,2.011,60,0.8952629402687375,0.8690786753359218,0.0017095559277659
noise,2.012,60,0.892462586413862,0.8655782330173275,0.001266690027554
noise,2.013,60,0.8944342806270991,0.8680428507838737,0.0018419479609302
noise,2.014,60,0.9011252220084396,0.8764065275105494,0.0018136419188145
noise,2.015,60,0.9037707680012776,0.8797134600015971,0.0010595920926963
noise,2.016,60,0.897448754870355,0.871810943587944,0.0017729738283509
noise,2.017,60,0.8913829581816805,0.8642286977271004,0.0012342334913581
noise,2.018,60,0.9024178780589328,0.8780223475736659,0.0010110732466252
noise,2.019,60,0.903402581291378,0.8792532266142222,0.0011375017855442
noise,2.02,60,0.894753980352944,0.8684424754411799,0.0022243313415405
noise,2.021,60,0.9005694672500355,0.8757118340625443,0.0019272018296254
noise,2.022,60,0.9002072473261026,0.8752590591576281,0.0013859300445597
noise,2.023,60,0.9021779638488692,0.8777224548110865,0.001446791698859
noise,2.024,60,0.9087362967115984,0.8859203708894977,0.0019298992189879
noise,2.025,60,0.901801933647444,0.8772524170593047,0.0016371991411381
noise,2.026,60,0.8991197307117684,0.8738996633897104,0.0014559417861614
noise,2.027,60,0.901307088845964,0.8766338610574552,0.0015833844457958
noise,2.028,60,0.8954015859879334,0.8692519824849166,0.0019695164465103
noise,2.029,60,0.8931682183683819,0.8664602729604771,0.0017168549611973
noise,2.03,60,0.8969123606855937,0.8711404508569918,0.0015305191782354
noise,2.031,60,0.893999480443922,0.8674993505549025,0.0023685205516628
noise,2.032,60,0.8983528150233928,0.8729410187792409,0.0022616365090741
noise,2.033,60,0.902623927070352,0.8782799088379399,0.0010287869248294
noise,2.034,60,0.8982959765597611,0.8728699706997013,0.0017202638194525
noise,2.035,60,0.9035294618374292,0.8794118272967864,0.0015465802998141
noise,2.036,60,0.8983051097489869,0.8728813871862334,0.0014254883373092
noise,2.037,60,0.90499015813087,0.8812376976635873,0.0016831009719088
noise,2.038,60,0.8917121398075669,0.8646401747594585,0.0016686546157457
noise,2.039,60,0.9005896014759011,0.8757370018448764,0.0012117647646402
noise,2.04,60,0.8955400199391653,0.8694250249239565,0.0019465710432912
noise,2.041,60,0.8881051506477894,0.8601314383097367,0.0018877147140001
noise,2.042,60,0.8986792607538909,0.8733490759423642,0.0016307387172641
noise,2.043,60,0.8973929734047297,0.8717412167559117,0.0013686961044108
noise,2.044,60,0.9018396581067832,0.8772995726334789,0.0017997498037957
noise,2.045,60,0.9030724010469826,0.8788405013087283,0.0014161141919423
noise,2.046,60,0.9017691859681548,0.8772114824601935,0.0015625623725564
noise,2.047,60,0.8895866458825286,0.8619833073531606,0.0009849601473025
noise,2.048,60,0.8995238932015224,0.874404866501903,0.0009195033856125
noise,2.049,60,0.8943812069935592,0.8679765087419488,0.0016479585055089
noise,2.05,60,0.8928332720226877,0.8660415900283597,0.0015407314418034
noise,2.051,60,0.8941711796663905,0.8677139745829879,0.0022316541289184
noise,2.052,60,0.9037736876854332,0.8797171096067911,0.0019060542558345
noise,2.053,60,0.9010970113285466,0.8763712641606831,0.0015531671727483
noise,2.054,60,0.8956531783515281,0.8695664729394104,0.0015104811274493
noise,2.055,60,0.8952278845523065,0.8690348556903831,0.0020525800927815
noise,2.056,60,0.8993455223911555,0.8741819029889444,0.0013639396628907
noise,2.057,60,0.8939167955751692,0.8673959944689614,0.0022029232153947
noise,2.058,60,0.8955603417253326,0.8694504271566659,0.0013124631697565
noise,2.059,60,0.8958117937393881,0.8697647421742353,0.0014033465282592
noise,2.06,60,0.8963584318104441,0.870448039763055,0.0013936784187177
noise,2.061,60,0.9014933862409128,0.8768667328011408,0.0009938847905
noise,2.062,60,0.8956896875256626,0.8696121094070783,0.0016352375889622
noise,2.063,60,0.8931813231813526,0.8664766539766907,0.0010747219374674
noise,2.064,60,0.8908423620430135,0.863552952553767,0.0016254329056262
noise,2.065,60,0.9040004883585168,0.8800006104481456,0.0012931198304741
noise,2.066,60,0.8974162387181928,0.8717702983977407,0.0029706184091851
noise,2.067,60,0.8985631140859344,0.8732038926074178,0.001901158493043
noise,2.068,60,0.8891726505620042,0.8614658132025051,0.0019369636666223
noise,2.069,60,0.8852483274398942,0.8565604092998677,0.0013452800152814
noise,2.07,60,0.8943379253662557,0.8679224067078196,0.0021208712555676
noise,2.071,60,0.8859723147369671,0.8574653934212088,0.0017511672005895
noise,2.072,60,0.9019697283138712,0.8774621603923388,0.0019282604708727
noise,2.073,60,0.8945501160792013,0.8681876450990015,0.0016165315271652
noise,2.074,60,0.8954796554371613,0.8693495692964518,0.0012097447920153
noise,2.075,60,0.8924231781472891,0.8655289726841116,0.0020104758380575
noise,2.076,60,0.8883668427516576,0.8604585534395718,0.0013728750911839
noise,2.077,60,0.8912021213068417,0.864002651633552,0.0025945399356251
noise,2.078,60,0.8989042880408088,0.8736303600510108,0.0023695007385059
noise,2.079,60,0.8888966863668879,0.8611208579586098,0.0024475420994283
noise,2.08,60,0.8839018054122371,0.8548772567652958,0.0021451595570066
noise,2.081,60,0.8894589086800402,0.8618236358500497,0.0020415696473705
noise,2.082,60,0.90099630806812,0.8762453850851499,0.0016382077882674
noise,2.083,60,0.8918701946329265,0.8648377432911579,0.0017842800054324
noise,2.084,60,0.8963893015819757,0.8704866269774697,0.0012155934185206
noise,2.085,60,0.8981619640136149,0.8727024550170184,0.0010096360500009
noise,2.086,60,0.9032757999976052,0.8790947499970064,0.0017921237405021
noise,2.087,60,0.8876715923863575,0.8595894904829466,0.0010645526185832
noise,2.088,60,0.8843424231926655,0.8554280289908317,0.0019868566348079
noise,2.089,60,0.8939685723899831,0.8674607154874787,0.0011461149323113
noise,2.09,60,0.8922319066434898,0.8652898833043622,0.0016811172997313
noise,2.091,60,0.8895177090240172,0.8618971362800214,0.0023593871866678
noise,2.092,60,0.8864441293562199,0.8580551616952748,0.0013116001122446
noise,2.093,60,0.8860760640013794,0.8575950800017242,0.0013141442000443
noise,2.094,60,0.8967477130138097,0.8709346412672622,0.0021856356199701
noise,2.095,60,0.8904531652733105,0.8630664565916384,0.0019211773232892
noise,2.096,60,0.8953516906806173,0.8691896133507716,0.0020163080991538
noise,2.097,60,0.8942623477170205,0.8678279346462756,0.0014103887295166
noise,2.098,60,0.8811109767806086,0.8513887209757607,0.0016258230747542
noise,2.099,60,0.895071519680736,0.8688393996009199,0.002745103359055
noise,2.1,60,0.883840470027036,0.8548005875337948,0.0012488382578398
noise,2.101,60,0.8841704692266282,0.8552130865332853,0.0023293061081627
noise,2.102,60,0.8889186511286105,0.861148313910763,0.0017155451995618
noise,2.103,60,0.8857792927855924,0.8572241159819904,0.0016881337297356
noise,2.104,60,0.8741996144520574,0.8427495180650718,0.0018640867031702
noise,2.105,60,0.8858217667333155,0.8572772084166443,0.0025663063053623
noise,2.106,60,0.8893720316440263,0.8617150395550328,0.0018559751497999
noise,2.107,60,0.890322321384656,0.8629029017308197,0.0015489362417144
noise,2.108,60,0.8916894756538216,0.8646118445672769,0.0022895737544044
noise,2.109,60,0.8853657872406384,0.8567072340507982,0.0023463683563195
noise,2.11,60,0.8854445185923009,0.8568056482403759,0.0017911891494014
noise,2.111,60,0.8993296237689798,0.8741620297112248,0.0016318706856988
noise,2.112,60,0.8969300470342564,0.8711625587928206,0.0018388585195602
noise,2.113,60,0.8943034487588671,0.867879310948584,0.0014041399608101
noise,2.114,60,0.8813984315286483,0.8517480394108107,0.0018900495891624
noise,2.115,60,0.8968626143907312,0.871078267988414,0.0016966452602398
noise,2.116,60,0.8959714392752197,0.8699642990940248,0.0017195400337336
noise,2.117,60,0.8794285215768002,0.8492856519710003,0.0032652284046412
noise,2.118,60,0.8807302821197415,0.8509128526496769,0.0015142065734362
noise,2.119,60,0.8893709117576076,0.8617136396970096,0.0016010022935907
noise,2.12,60,0.8924522576402772,0.8655653220503466,0.0024007490460024
noise,2.121,60,0.8941648387856642,0.8677060484820803,0.0016995651113839
noise,2.122,60,0.8864766717739505,0.8580958397174381,0.0026133302968184
noise,2.123,60,0.8916105282952662,0.8645131603690828,0.0022119742888128
noise,2.124,60,0.898074952400968,0.8725936905012099,0.0011706924515235
noise,2.125,60,0.895854286032662,0.8698178575408274,0.0017726978467715
noise,2.126,60,0.89444202803279,0.8680525350409873,0.0018730859835651
noise,2.127,60,0.8896767064692757,0.8620958830865944,0.0024536682693884
noise,2.128,60,0.8906824299638917,0.8633530374548642,0.0031237432524348
noise,2.129,60,0.8871737669698461,0.8589672087123075,0.0024191901642578
noise,2.13,60,0.8868414991458367,0.8585518739322957,0.0017193861258925
noise,2.131,60,0.881361205286061,0.8517015066075763,0.0026174724907342
noise,2.132,60,0.8793231937339109,0.8491539921673884,0.0021369441477949
noise,2.133,60,0.8884516346404472,0.8605645433005592,0.0020320697922562
noise,2.134,60,0.9025120184912804,0.8781400231141006,0.0019761674008374
noise,2.135,60,0.8865207614225125,0.8581509517781405,0.0018774826757995
noise,2.136,60,0.8976394515917868,0.8720493144897333,0.0012450458888163
noise,2.137,60,0.8818932928450904,0.852366616056363,0.0022826390436885
noise,2.138,60,0.8890264175632407,0.8612830219540509,0.0017852174536821
noise,2.139,60,0.8951834302557042,0.8689792878196305,0.0015750548987124
noise,2.14,60,0.8803259567377971,0.8504074459222465,0.0015237083837676
noise,2.141,60,0.9012529143350468,0.8765661429188083,0.0015011374920188
noise,2.142,60,0.89051018997045,0.8631377374630624,0.0014007894586828
noise,2.143,60,0.8885991775813444,0.8607489719766807,0.001940364588232
noise,2.144,60,0.8827121658584179,0.8533902073230223,0.0018066111940771
noise,2.145,60,0.8803051258036363,0.8503814072545454,0.0014105192803412
noise,2.146,60,0.8834349203118173,0.8542936503897717,0.0014363409865809
noise,2.147,60,0.8841670602951773,0.8552088253689717,0.0018731671223343
noise,2.148,60,0.8911019753104263,0.863877469138033,0.0023722468919335
noise,2.149,60,0.8936547280709919,0.8670684100887398,0.0014284904758321
noise,2.15,60,0.889559904965762,0.8619498812072024,0.0016602267774834
noise,2.151,60,0.8930915534482371,0.8663644418102964,0.0019843412888395
noise,2.152,60,0.8910536068350944,0.863817008543868,0.0019019757635224
noise,2.153,60,0.8887048862601774,0.8608811078252215,0.0014494164193615
noise,2.154,60,0.8822215465201494,0.8527769331501867,0.0013157638265905
noise,2.155,60,0.8881524725291471,0.8601905906614339,0.001409090457005
noise,2.156,60,0.8943221798871321,0.8679027248589152,0.0018929700314177
noise,2.157,60,0.8851509849976562,0.85643873124707,0.001955291605812
noise,2.158,60,0.8852555184938666,0.8565693981173333,0.0021062019005006
noise,2.159,60,0.885092128037109,0.8563651600463861,0.0021549224996769
noise,2.16,60,0.8906057069989022,0.8632571337486276,0.0014863285906618
noise,2.161,60,0.8797080938270212,0.8496351172837765,0.0020412150670642
noise,2.162,60,0.8893347049570033,0.8616683811962542,0.0026147482497954
noise,2.163,60,0.8796187254577096,0.8495234068221368,0.0024661346201756
noise,2.164,60,0.8867813140125336,0.858476642515667,0.0018970226249121
noise,2.165,60,0.8857877074160975,0.8572346342701217,0.0020460307771733
noise,2.166,60,0.881419319777973,0.8517741497224661,0.0021341365666785
noise,2.167,60,0.8741246772149026,0.8426558465186283,0.0021555080266197
noise,2.168,60,0.8812729379492268,0.8515911724365334,0.0019662176428744
noise,2.169,60,0.8860508268809735,0.8575635336012171,0.0020336931501149
noise,2.17,60,0.8869239252270167,0.8586549065337704,0.0019072906088468
noise,2.171,60,0.8999901569206799,0.8749876961508497,0.0019836551058123
noise,2.172,60,0.8787367223571732,0.8484209029464667,0.0018433274743029
noise,2.173,60,0.8889924476515176,0.861240559564397,0.0017681525932546
noise,2.174,60,0.8863476032402791,0.8579345040503487,0.0014670538177678
noise,2.175,60,0.8733139300866466,0.8416424126083081,0.0017838044584662
noise,2.176,60,0.8917081222091046,0.8646351527613806,0.0011693092570147
noise,2.177,60,0.8890586757223465,0.861323344652933,0.0018614781230681
noise,2.178,60,0.8823930170343692,0.8529912712929615,0.0023122195170965
noise,2.179,60,0.8897368044413962,0.8621710055517454,0.0017403782024236
noise,2.18,60,0.8785707932690466,0.8482134915863083,0.0020563966637659
noise,2.181,60,0.8916365612999599,0.8645457016249498,0.0020291873863868
noise,2.182,60,0.8946432392182555,0.8683040490228192,0.0019493743674763
noise,2.183,60,0.883490138689184,0.8543626733614801,0.0017911102905911
noise,2.184,60,0.8749746431043062,0.8437183038803824,0.0025265403688233
noise,2.185,60,0.8818327878254775,0.8522909847818467,0.0014153758317159
noise,2.186,60,0.8877021546598978,0.8596276933248721,0.0024348751919069
noise,2.187,60,0.8803521727340314,0.8504402159175395,0.0015275090594674
noise,2.188,60,0.8671279954667072,0.8339099943333836,0.0035550609135787
noise,2.189,60,0.8848563587871887,0.8560704484839856,0.0011557413831476
noise,2.19,60,0.8701240872628286,0.8376551090785357,0.0019948442603347
noise,2.191,60,0.8804751580956387,0.8505939476195484,0.0020318908998073
noise,2.192,60,0.8841476041728811,0.8551845052161013,0.0020729675182469
noise,2.193,60,0.8818264189744156,0.8522830237180193,0.0023405743879641
noise,2.194,60,0.8793703014293239,0.8492128767866551,0.0018916122779532
noise,2.195,60,0.8803822929574843,0.8504778661968551,0.002210675822863
noise,2.196,60,0.8771788337012687,0.8464735421265863,0.0038095955456474
noise,2.197,60,0.8783290423068831,0.847911302883604,0.0022175615443715
noise,2.198,60,0.8776124431136059,0.8470155538920071,0.0018651663952858
noise,2.199,60,0.879496902716189,0.8493711283952361,0.0020158020341105
noise,2.2,60,0.8810342387580086,0.8512927984475106,0.0018245900192241
noise,2.201,60,0.8845719272638704,0.8557149090798378,0.0011292865362961
noise,2.202,60,0.8837732977906667,0.8547166222383333,0.0018101202597361
noise,2.203,60,0.8818868440860421,0.8523585551075527,0.0018614853960254
noise,2.204,60,0.8843124469837207,0.8553905587296508,0.0020016147036898
noise,2.205,60,0.8815884909812033,0.8519856137265042,0.0024351235999609
noise,2.206,60,0.8792280224472777,0.8490350280590971,0.0014401831786082
noise,2.207,60,0.8771128836088231,0.8463911045110287,0.0018067064807522
noise,2.208,60,0.8861358808277603,0.8576698510347004,0.0015308233767272
noise,2.209,60,0.8703358566819356,0.8379198208524196,0.0022788507659586
noise,2.21,60,0.8715332560198532,0.8394165700248164,0.0023649946602013
noise,2.211,60,0.8797389387831166,0.8496736734788957,0.0021209744125659
noise,2.212,60,0.8777988141054505,0.8472485176318132,0.0016898705321576
noise,2.213,60,0.8784139714072723,0.8480174642590904,0.0017106168755843
noise,2.214,60,0.8854509230273678,0.8568136537842095,0.0017757760100077
noise,2.215,60,0.883371797316168,0.8542147466452099,0.0020240488779424
noise,2.216,60,0.8818319479875232,0.852289934984404,0.002720690414733
noise,2.217,60,0.8831945499375995,0.8539931874219994,0.0019906125565344
noise,2.218,60,0.8851188369810675,0.8563985462263344,0.0025056822353615
noise,2.219,60,0.8709937943846395,0.8387422429807995,0.0014386555203322
noise,2.22,60,0.8779594129983068,0.8474492662478833,0.0016540859154958
noise,2.221,60,0.8776152618507242,0.8470190773134052,0.0027907726184392
noise,2.222,60,0.8729132764698397,0.8411415955872994,0.0026542993193124
noise,2.223,60,0.8781101344096527,0.847637668012066,0.0015370819237083
noise,2.224,60,0.8824437739506579,0.8530547174383222,0.0026056743712189
noise,2.225,60,0.8691666745655002,0.8364583432068753,0.0015238685099631
noise,2.226,60,0.8864456079188003,0.8580570098985003,0.0020962046457411
noise,2.227,60,0.8869180958093367,0.8586476197616709,0.0020809970545095
noise,2.228,60,0.8733267668832817,0.8416584586041018,0.0021677794419128
noise,2.229,60,0.8837377451408859,0.8546721814261069,0.0015264567957354
noise,2.23,60,0.875269759586265,0.8440871994828311,0.0026060947517966
noise,2.231,60,0.8810849632170195,0.8513562040212742,0.0021536409611511
noise,2.232,60,0.8736151483431961,0.8420189354289952,0.0019636709687012
noise,2.233,60,0.8795473945821014,0.8494342432276267,0.0023191358523925
noise,2.234,60,0.8804877806153719,0.8506097257692148,0.002253528046763
noise,2.235,60,0.8713506446388248,0.8391883057985312,0.0023785798656681
noise,2.236,60,0.878740151070073,0.8484251888375911,0.0040629776012437
noise,2.237,60,0.882909239681942,0.8536365496024273,0.0022625396804088
noise,2.238,60,0.8744376447941061,0.8430470559926324,0.0019307946822173
noise,2.239,60,0.8824461748526716,0.8530577185658396,0.0018813579089504
noise,2.24,60,0.8701164563082515,0.8376455703853141,0.0017058684090524
noise,2.241,60,0.8734753037368534,0.8418441296710668,0.0012710176381708
noise,2.242,60,0.8515206549858907,0.8144008187323634,0.0029340097260554
noise,2.243,60,0.8927247274227643,0.8659059092784556,0.0014557712288419
noise,2.244,60,0.8672497478159216,0.8340621847699018,0.0029441406963686
noise,2.245,60,0.8794260570846353,0.8492825713557939,0.0026649526547902
noise,2.246,60,0.8727125630493288,0.8408907038116609,0.0023037418633878
noise,2.247,60,0.8777897831634953,0.8472372289543689,0.0019861635036058
noise,2.248,60,0.8713485110407007,0.8391856388008757,0.002431743628802
noise,2.249,60,0.868552811049386,0.8356910138117325,0.0027275485388308
noise,2.25,60,0.8735856596150289,0.841982074518786,0.0016560827856601
noise,2.251,60,0.8746977154285336,0.8433721442856666,0.0019922865583175
noise,2.252,60,0.8729067266597357,0.8411334083246695,0.0025727294790316
noise,2.253,60,0.8724039943906338,0.8405049929882923,0.002677316953309
noise,2.254,60,0.867549609534545,0.8344370119181813,0.0026145711359772
noise,2.255,60,0.8753954628553416,0.8442443285691769,0.0018222177360249
noise,2.256,60,0.8721875961542604,0.8402344951928252,0.0024964257340134
noise,2.257,60,0.8731631649832196,0.8414539562290246,0.0020901346017502
noise,2.258,60,0.8742530976034946,0.8428163720043682,0.0016075550340132
noise,2.259,60,0.872129158529441,0.8401614481618013,0.0028800575699572
noise,2.26,60,0.8755147581735852,0.8443934477169818,0.0023918510476363
noise,2.261,60,0.8769620121631235,0.8462025152039041,0.0020041519279931
noise,2.262,60,0.8725862016496552,0.840732752062069,0.0025771203205687
noise,2.263,60,0.8628465276511831,0.8285581595639787,0.002656040510796
noise,2.264,60,0.8726327035679244,0.8407908794599057,0.0030859219932236
noise,2.265,60,0.8674511345917868,0.8343139182397333,0.0022332502126229
noise,2.266,60,0.8768175892374718,0.8460219865468397,0.0026809798118802
noise,2.267,60,0.8744989069695835,0.8431236337119794,0.0016533171966386
noise,2.268,60,0.8778419820582322,0.8473024775727905,0.0020595630283315
noise,2.269,60,0.8688587443857806,0.8360734304822259,0.0016246418276029
noise,2.27,60,0.8603056679669887,0.8253820849587358,0.0027409412774406
noise,2.271,60,0.8680760009410857,0.8350950011763573,0.0015592489550491
noise,2.272,60,0.8691670652753456,0.8364588315941819,0.0025434621054701
noise,2.273,60,0.879067568043336,0.8488344600541702,0.002315378996286
noise,2.274,60,0.8781072020671289,0.8476340025839112,0.0017027607261796
noise,2.275,60,0.879777546619867,0.8497219332748334,0.0017131396140664
noise,2.276,60,0.8659357403890241,0.8324196754862803,0.0018077067116113
noise,2.277,60,0.8779041726935211,0.8473802158669013,0.0019911759146844
noise,2.278,60,0.8659414136933905,0.8324267671167379,0.0020820217774464
noise,2.279,60,0.8672414928837123,0.8340518661046405,0.0022785769287206
noise,2.28,60,0.869991777924674,0.8374897224058421,0.0025248138961573
noise,2.281,60,0.8740678902734091,0.8425848628417614,0.0022820574437341
noise,2.282,60,0.8713275416593723,0.8391594270742153,0.0014364457099335
noise,2.283,60,0.8747811601136821,0.8434764501421026,0.0031381425204962
noise,2.284,60,0.8807041655952315,0.8508802069940392,0.0021620434725498
noise,2.285,60,0.8770869632104118,0.8463587040130148,0.0027085380678011
noise,2.286,60,0.8695722678988642,0.8369653348735804,0.0024953768218342
noise,2.287,60,0.8617098460490482,0.8271373075613103,0.0022459463392878
noise,2.288,60,0.8698796104122168,0.8373495130152709,0.0023922025025668
noise,2.289,60,0.8710407894607983,0.8388009868259978,0.0014818746853595
noise,2.29,60,0.8773694804938033,0.846711850617254,0.0020790563891026
noise,2.291,60,0.8673541718212701,0.8341927147765875,0.002996443415094
noise,2.292,60,0.8841287342912282,0.8551609178640353,0.002023459737458
noise,2.293,60,0.8696835863791815,0.8371044829739769,0.0022478596884085
noise,2.294,60,0.8704592945843079,0.8380741182303846,0.0023642116853633
noise,2.295,60,0.8656118382939738,0.8320147978674673,0.0017289545049501
noise,2.296,60,0.8683998375298201,0.8354997969122753,0.0022045449450211
noise,2.297,60,0.8761788537241118,0.8452235671551398,0.0016836461877041
noise,2.298,60,0.8789828024693819,0.8487285030867274,0.0018130291656665
noise,2.299,60,0.8729159676787905,0.8411449595984881,0.0020944393271374
noise,2.3,60,0.8695187868374656,0.8368984835468322,0.0021372366890375
noise,2.301,60,0.8789271429701548,0.8486589287126939,0.0018871542649993
noise,2.302,60,0.8742548912872294,0.8428186141090367,0.00231703478976
noise,2.303,60,0.8698737237236083,0.8373421546545105,0.001418863821372
noise,2.304,60,0.8682579618992463,0.8353224523740579,0.0028038368643964
noise,2.305,60,0.8748723708087447,0.8435904635109307,0.0019628818962787
noise,2.306,60,0.864430414537157,0.8305380181714461,0.0022362325738157
noise,2.307,60,0.8666463729187073,0.8333079661483839,0.0027239523003965
noise,2.308,60,0.8846807680209778,0.8558509600262224,0.0015994687109189
noise,2.309,60,0.8688591335809424,0.8360739169761777,0.0022413262214684
noise,2.31,60,0.87085739675594,0.8385717459449248,0.0032380985537813
noise,2.311,60,0.8689017515152687,0.8361271893940859,0.0029365694001585
noise,2.312,60,0.8696096508291898,0.8370120635364874,0.0024820901507562
noise,2.313,60,0.8715884987462567,0.8394856234328208,0.0022799322665485
noise,2.314,60,0.8790262424171047,0.8487828030213809,0.0019245352164992
noise,2.315,60,0.868567050171015,0.8357088127137686,0.0036573149439271
noise,2.316,60,0.868388756315482,0.8354859453943526,0.0028435969614022
noise,2.317,60,0.873744029840816,0.8421800373010202,0.0021592958797085
noise,2.318,60,0.8733531530792208,0.8416914413490261,0.0024130272569213
noise,2.319,60,0.8673769527920719,0.8342211909900901,0.0033905379502725
noise,2.32,60,0.8776416429582903,0.847052053697863,0.0021435924956119
noise,2.321,60,0.8694237008176149,0.8367796260220185,0.0025368479036437
noise,2.322,60,0.8654927548767763,0.8318659435959703,0.0025004347432439
noise,2.323,60,0.8694317037279764,0.8367896296599701,0.0024009769269058
noise,2.324,60,0.8689740228130773,0.8362175285163468,0.0021510123926038
noise,2.325,60,0.8613678624409258,0.826709828051157,0.0019335730417899
noise,2.326,60,0.8702564989726069,0.8378206237157588,0.0022827850603784
noise,2.327,60,0.8711345120730283,0.8389181400912852,0.0020423832971007
noise,2.328,60,0.8588610193376556,0.8235762741720696,0.002580730347168
noise,2.329,60,0.8663155880434676,0.8328944850543346,0.0025691869425218
noise,2.33,60,0.8755504645322394,0.844438080665299,0.0018727207785062
noise,2.331,60,0.852636240743777,0.8157953009297211,0.0030236989563361
noise,2.332,60,0.87054687438864,0.8381835929858001,0.0027253307509947
noise,2.333,60,0.8661681200949314,0.8327101501186642,0.0019180711931865
noise,2.334,60,0.8652492828247651,0.8315616035309562,0.003800292778441
noise,2.335,60,0.8662571310857772,0.8328214138572215,0.0027449210288855
noise,2.336,60,0.8724171383447455,0.8405214229309319,0.0018672019852508
noise,2.337,60,0.8717807396511905,0.8397259245639883,0.0019448161457713
noise,2.338,60,0.8655913040093645,0.8319891300117054,0.0033644369565989
noise,2.339,60,0.8706220108297149,0.8382775135371435,0.002055402536165
noise,2.34,60,0.8706458687625038,0.8383073359531298,0.0020580578841269
noise,2.341,60,0.8612620556031608,0.8265775695039508,0.003307576342672
noise,2.342,60,0.8749689638309601,0.8437112047887002,0.0021288412363011
noise,2.343,60,0.8594797849655514,0.8243497312069394,0.0026857426796672
noise,2.344,60,0.8708538280180612,0.838567285022576,0.0018028201447121
noise,2.345,60,0.8597813817038054,0.8247267271297568,0.0022266586546054
noise,2.346,60,0.8649376325578715,0.8311720406973395,0.0025521905899089
noise,2.347,60,0.8624707464307388,0.8280884330384234,0.0020772881246284
noise,2.348,60,0.8668209661733232,0.8335262077166539,0.0025244367011835
noise,2.349,60,0.857055440931423,0.8213193011642789,0.0029824451306371
noise,2.35,60,0.8772661242837725,0.8465826553547156,0.002894007427408
noise,2.351,60,0.8562451915054468,0.8203064893818084,0.0023208011204666
noise,2.352,60,0.865609032162677,0.8320112902033466,0.0026570215401725
noise,2.353,60,0.8752878736721996,0.8441098420902496,0.0019245124408013
noise,2.354,60,0.8736455199153209,0.8420568998941514,0.0033127635504208
noise,2.355,60,0.8582108516169269,0.8227635645211586,0.0021029596867189
noise,2.356,60,0.8640307904746454,0.8300384880933068,0.003328369224462
noise,2.357,60,0.8675960672375539,0.8344950840469423,0.001941201177501
noise,2.358,60,0.8692008931362452,0.8365011164203064,0.002152445548577
noise,2.359,60,0.863067139925067,0.8288339249063337,0.0026134424088758
noise,2.36,60,0.8687015025291598,0.83587687816145,0.0018546927875061
noise,2.361,60,0.860334720732941,0.825418400916176,0.001679591010168
noise,2.362,60,0.8686827552218749,0.8358534440273435,0.0033610464582841
noise,2.363,60,0.8636223046341591,0.829527880792699,0.003882070652796
noise,2.364,60,0.8611678776744601,0.826459847093075,0.0031420458327619
noise,2.365,60,0.8658949500321982,0.8323686875402475,0.0027667763331468
noise,2.366,60,0.864524753789452,0.8306559422368149,0.0028502048796454
noise,2.367,60,0.8583468706105285,0.8229335882631607,0.002761736800198
noise,2.368,60,0.8600283876603889,0.8250354845754859,0.0018955053181063
noise,2.369,60,0.8727224328316154,0.8409030410395194,0.0021466698788584
noise,2.37,60,0.8615249237077673,0.8269061546347092,0.0026382576467267
noise,2.371,60,0.8721841155955199,0.8402301444943999,0.0030352119479982
noise,2.372,60,0.8648864846873532,0.8311081058591916,0.0032583087084883
noise,2.373,60,0.8638769198291583,0.8298461497864479,0.0025844491143548
noise,2.374,60,0.8590715315895449,0.8238394144869311,0.002927011308983
noise,2.375,60,0.8725018643056578,0.8406273303820722,0.0017528463595982
noise,2.376,60,0.8713475916091155,0.8391844895113942,0.0026296773112343
noise,2.377,60,0.8679901860366996,0.8349877325458747,0.0027719310261011
noise,2.378,60,0.8580803872281358,0.8226004840351696,0.0029158735619541
noise,2.379,60,0.8626756082351996,0.8283445102939997,0.0031888802024876
noise,2.38,60,0.8624941066153586,0.8281176332691983,0.0037567687221185
noise,2.381,60,0.8692283042278135,0.8365353802847668,0.0024187775314474
noise,2.382,60,0.8537731296505904,0.817216412063238,0.0025062882495692
noise,2.383,60,0.8697517450988825,0.8371896813736032,0.0015598417674936
noise,2.384,60,0.8598513732666332,0.8248142165832916,0.0023752788928659
noise,2.385,60,0.8500329583484959,0.8125411979356196,0.0044775443151703
noise,2.386,60,0.8611769291624078,0.8264711614530097,0.0027833920535613
noise,2.387,60,0.861902774492219,0.8273784681152735,0.0038672452806875
noise,2.388,60,0.87114731789524,0.8389341473690498,0.0026550916901753
noise,2.389,60,0.8596826673562804,0.8246033341953507,0.002391923809901
noise,2.39,60,0.8691561464494655,0.8364451830618321,0.0022919688687428
noise,2.391,60,0.870308452392955,0.8378855654911936,0.0026559257104074
noise,2.392,60,0.8517717834835168,0.8147147293543958,0.0030511493213143
noise,2.393,60,0.8702605774075054,0.8378257217593815,0.0025759978182845
noise,2.394,60,0.8633236174061478,0.8291545217576848,0.0028417226581324
noise,2.395,60,0.8643233360462891,0.8304041700578612,0.0035007030485117
noise,2.396,60,0.8669403542423413,0.8336754428029265,0.0023689686970006
noise,2.397,60,0.854945009410026,0.8186812617625324,0.0031343736564009
noise,2.398,60,0.8506566190412578,0.813320773801572,0.0026245914477031
noise,2.399,60,0.8477460433136104,0.8096825541420131,0.0022863258245916
noise,2.4,60,0.870570928594804,0.8382136607435052,0.002390761917552
noise,2.401,60,0.8697819646990173,0.8372274558737718,0.0032012707792199
noise,2.402,60,0.8623091657675431,0.8278864572094291,0.0024207682571857
noise,2.403,60,0.8649134446390598,0.8311418057988246,0.0017703454151336
noise,2.404,60,0.8631874609821435,0.8289843262276794,0.0018436220641122
noise,2.405,60,0.8529025629658605,0.8161282037073258,0.0026910506031964
noise,2.406,60,0.8645910949993925,0.8307388687492402,0.0027790158639763
noise,2.407,60,0.8582718385878189,0.8228397982347732,0.0035553783787503
noise,2.408,60,0.8713287043247008,0.8391608804058759,0.0024681142165538
noise,2.409,60,0.8579022975573095,0.8223778719466368,0.0028043502027314
noise,2.41,60,0.863446157820492,0.8293076972756152,0.0021433890601396
noise,2.411,60,0.8735180284565947,0.8418975355707431,0.0035926267313677
noise,2.412,60,0.860686155846182,0.8258576948077275,0.0021232678463051
noise,2.413,60,0.869418430014699,0.8367730375183738,0.0025549753007511
noise,2.414,60,0.8542600902622859,0.8178251128278574,0.0024106895537975
noise,2.415,60,0.8548244541231063,0.8185305676538827,0.0042904929629842
noise,2.416,60,0.8615315395937376,0.8269144244921721,0.0024299602728328
noise,2.417,60,0.8729878741801458,0.8412348427251821,0.0022984161615229
noise,2.418,60,0.8597745899455762,0.8247182374319701,0.0016731371086166
noise,2.419,60,0.8612873267587441,0.8266091584484301,0.0023163607074123
noise,2.42,60,0.8462517142737153,0.8078146428421443,0.0028857121721757
noise,2.421,60,0.8652692910163806,0.8315866137704756,0.00246153655518
noise,2.422,60,0.8647562395871033,0.830945299483879,0.0036062898844004
noise,2.423,60,0.8562069106359428,0.8202586382949286,0.0022295556605958
noise,2.424,60,0.8587639608724793,0.8234549510905989,0.0024201387030801
noise,2.425,60,0.8470822865719998,0.8088528582149995,0.0040521653433751
noise,2.426,60,0.8544926869624775,0.8181158587030969,0.0026649278344338
noise,2.427,60,0.8644280449618447,0.8305350562023057,0.0032370628265388
noise,2.428,60,0.8578763897309081,0.8223454871636352,0.0029059389840235
noise,2.429,60,0.8480504713081191,0.8100630891351489,0.0022233946733909
noise,2.43,60,0.8660179942607105,0.8325224928258881,0.0037416004672035
noise,2.431,60,0.8539015568491899,0.8173769460614874,0.0035857169422676
noise,2.432,60,0.8588190777169832,0.823523847146229,0.0027551875791768
noise,2.433,60,0.8684999605724445,0.8356249507155554,0.0031507492124304
noise,2.434,60,0.8525659511237036,0.8157074389046294,0.0036194328850149
noise,2.435,60,0.8547988003917601,0.8184985004897,0.0031320673694597
noise,2.436,60,0.866050556096149,0.8325631951201861,0.0034232245401397
noise,2.437,60,0.865691773715462,0.8321147171443275,0.0026589248187652
noise,2.438,60,0.8693478402684468,0.8366848003355584,0.0027807672596076
noise,2.439,60,0.8564511005300024,0.8205638756625028,0.0038298250971134
noise,2.44,60,0.8648690491067473,0.831086311383434,0.0030930024984279
noise,2.441,60,0.8647471457373967,0.8309339321717459,0.0024388352224025
noise,2.442,60,0.8555771228756127,0.819471403594516,0.0021274992369158
noise,2.443,60,0.8524803140798047,0.8156003925997559,0.0030124457009884
noise,2.444,60,0.8701555688856776,0.8376944611070968,0.0027860770998863
noise,2.445,60,0.8549963707233346,0.8187454634041681,0.0023767446997154
noise,2.446,60,0.8699665962257838,0.8374582452822296,0.0020893092941143
noise,2.447,60,0.8487468551351562,0.8109335689189454,0.0029288119087711
noise,2.448,60,0.8568990753320549,0.8211238441650688,0.0033266757679581
noise,2.449,60,0.8521950993441112,0.8152438741801387,0.0026226628768989
noise,2.45,60,0.8616493928309693,0.8270617410387117,0.0022254719593741
noise,2.451,60,0.8675171869419285,0.8343964836774106,0.0017245106429676
noise,2.452,60,0.85035369278473,0.8129421159809126,0.0034982646949228
noise,2.453,60,0.852051896471473,0.8150648705893412,0.003608559259664
noise,2.454,60,0.8492751377370426,0.8115939221713028,0.0028523578127461
noise,2.455,60,0.848971161257086,0.8112139515713573,0.0038813299859153
noise,2.456,60,0.8463555058476839,0.8079443823096049,0.0034175864168544
noise,2.457,60,0.8673297570701881,0.834162196337735,0.0021860711977782
noise,2.458,60,0.8529397396189371,0.8161746745236712,0.003482537687258
noise,2.459,60,0.8470227036338148,0.8087783795422686,0.0029737032705709
noise,2.46,60,0.8443969399433421,0.8054961749291777,0.0038432051566727
noise,2.461,60,0.8709400670403854,0.8386750838004818,0.0023718790773759
noise,2.462,60,0.852948324704398,0.8161854058804976,0.0040256058077697
noise,2.463,60,0.858269299284705,0.822836624105881,0.002972558176883
noise,2.464,60,0.8610945522289003,0.8263681902861253,0.0026269730084843
noise,2.465,60,0.8560974383612661,0.8201217979515824,0.0026506809915313
noise,2.466,60,0.8610443407968266,0.8263054259960334,0.0029525760345086
noise,2.467,60,0.8583518502103566,0.8229398127629455,0.002251431007851
noise,2.468,60,0.8529992621587669,0.8162490776984584,0.0028420938208666
noise,2.469,60,0.8495996943660433,0.8119996179575539,0.0019779540730554
noise,2.47,60,0.852391481311419,0.8154893516392735,0.0032525437654276
noise,2.471,60,0.8497511765490604,0.8121889706863256,0.0024972864906023
noise,2.472,60,0.8567221839561114,0.8209027299451391,0.0026185234279211
noise,2.473,60,0.8631069549674291,0.8288836937092863,0.0024217075690176
noise,2.474,60,0.8450474543027678,0.8063093178784598,0.0035234046507543
noise,2.475,60,0.8524315301245586,0.8155394126556985,0.0023111488905844
noise,2.476,60,0.8467513887743279,0.8084392359679098,0.0028981471115211
noise,2.477,60,0.8423479087074995,0.8029348858843746,0.0028377632601664
noise,2.478,60,0.8580854606669386,0.8226068258336732,0.0020396729494652
noise,2.479,60,0.8369069915625963,0.7961337394532452,0.0043078256301136
noise,2.48,60,0.8554726039090961,0.81934075488637,0.0026926320545994
noise,2.481,60,0.8496767557173496,0.812095944646687,0.0043760640222382
noise,2.482,60,0.8556982596622746,0.819622824577843,0.0025823378007329
noise,2.483,60,0.8517548304062595,0.8146935380078246,0.0032729734757388
noise,2.484,60,0.8553145643464455,0.8191432054330566,0.0020951448295104
noise,2.485,60,0.8552233068919712,0.8190291336149638,0.0031643724161325
noise,2.486,60,0.8459960640116124,0.8074950800145158,0.0025000190242181
noise,2.487,60,0.8545481353176699,0.8181851691470874,0.0028004099309332
noise,2.488,60,0.8409347393351286,0.8011684241689109,0.0033444040258544
noise,2.489,60,0.84593125818561,0.8074140727320125,0.0033349978624963
noise,2.49,60,0.8436801746974208,0.8046002183717763,0.0040008975004334
noise,2.491,60,0.839619944370782,0.7995249304634775,0.0027577496178849
noise,2.492,60,0.8519879080777835,0.8149848850972293,0.0034479420395643
noise,2.493,60,0.8420442004781266,0.8025552505976581,0.0032254954394511
noise,2.494,60,0.8340858737619161,0.7926073422023953,0.0031914441407942
noise,2.495,60,0.8360631944352035,0.7950789930440042,0.0026683116506782
noise,2.496,60,0.8487482061409989,0.8109352576762483,0.0019072593722623
noise,2.497,60,0.8368369211142661,0.7960461513928325,0.0038687994688322
noise,2.498,60,0.8620576688516263,0.8275720860645327,0.0024220736256274
noise,2.499,60,0.8553565325529136,0.8191956656911423,0.0019119900284665
noise,2.5,60,0.8589892024596232,0.8237365030745287,0.0032573005595242
noise,2.501,60,0.8499538528594626,0.812442316074328,0.0034968220784435
noise,2.502,60,0.8475020380817743,0.8093775476022177,0.0041359783939067
noise,2.503,60,0.8382671009352166,0.7978338761690207,0.0032435443857207
noise,2.504,60,0.8516773602841191,0.814596700355149,0.0026063320855379
noise,2.505,60,0.8489484460391211,0.8111855575489014,0.0021197490442066
noise,2.506,60,0.8380168392933064,0.7975210491166328,0.0037296052144154
noise,2.507,60,0.8499906505242759,0.8124883131553452,0.0033575258651762
noise,2.508,60,0.8329115604871685,0.7911394506089605,0.0047053851753693
noise,2.509,60,0.8474030554875811,0.8092538193594763,0.0032057585035202
noise,2.51,60,0.8490811258048763,0.8113514072560952,0.0028743285568942
noise,2.511,60,0.8440248365427504,0.8050310456784378,0.0035095686306483
noise,2.512,60,0.843921813792965,0.8049022672412066,0.0032989848186781
noise,2.513,60,0.8522265648950317,0.8152832061187897,0.002160165599001
noise,2.514,60,0.8462284298578201,0.8077855373222751,0.0033070186340559
noise,2.515,60,0.8557161753903154,0.8196452192378942,0.0033162424247514
noise,2.516,60,0.844978973222403,0.8062237165280037,0.0024776375390425
noise,2.517,60,0.8456842191354093,0.8071052739192617,0.0017288222564064
noise,2.518,60,0.8483309255106133,0.8104136568882664,0.0024044474650917
noise,2.519,60,0.8396742438387688,0.7995928047984608,0.003507451398018
noise,2.52,60,0.8532250543647785,0.8165313179559728,0.0022860538947428
noise,2.521,60,0.8484729050606596,0.8105911313258246,0.0028281825243768
noise,2.522,60,0.8475273886336588,0.8094092357920736,0.0028933201537063
noise,2.523,60,0.8421664639726022,0.8027080799657527,0.0031275977052214
noise,2.524,60,0.8464691290588174,0.8080864113235218,0.0032096040654898
noise,2.525,60,0.8475078040750432,0.8093847550938043,0.0038782891836421
noise,2.526,60,0.8403622196798808,0.8004527745998508,0.0042922104525845
noise,2.527,60,0.8534549906214359,0.8168187382767946,0.0037787615729564
noise,2.528,60,0.8356299763347845,0.7945374704184809,0.0030253567119789
noise,2.529,60,0.8549756475187222,0.8187195593984028,0.004575793729727
noise,2.53,60,0.8525495249002462,0.8156869061253071,0.0030091457069279
noise,2.531,60,0.860453133647666,0.8255664170595824,0.0033536690113944
noise,2.532,60,0.8364396177684356,0.7955495222105444,0.0033789322363345
noise,2.533,60,0.8573502385277234,0.8216877981596543,0.0032084852986563
noise,2.534,60,0.8505560703288894,0.8131950879111116,0.002624535718964
noise,2.535,60,0.8449836885240366,0.8062296106550455,0.0027936693097366
noise,2.536,60,0.8428910505497211,0.8036138131871515,0.0033341699675726
noise,2.537,60,0.8467450694275556,0.8084313367844446,0.0023040003820952
noise,2.538,60,0.8341223063130792,0.7926528828913489,0.0048763599349809
noise,2.539,60,0.847908836792211,0.8098860459902636,0.002742510191152
noise,2.54,60,0.851001397530321,0.8137517469129014,0.0022659818846721
noise,2.541,60,0.8487666852844523,0.8109583566055654,0.0028710242963412
noise,2.542,60,0.8455816869250076,0.8069771086562592,0.0024961561483749
noise,2.543,60,0.8439821712675988,0.8049777140844986,0.0031086586898149
noise,2.544,60,0.8487317834640763,0.8109147293300953,0.0024699055145931
noise,2.545,60,0.8485559540293309,0.8106949425366637,0.003000784845933
noise,2.546,60,0.8489178188391892,0.8111472735489862,0.0043941202108392
noise,2.547,60,0.8437891001318516,0.8047363751648144,0.0025228221128488
noise,2.548,60,0.8440375167008884,0.8050468958761104,0.0045544700808853
noise,2.549,60,0.8447029713647926,0.8058787142059906,0.0020546742859981
noise,2.55,60,0.8439187984054007,0.8048984980067507,0.0035174469992612
noise,2.551,60,0.8491028366256755,0.8113785457820943,0.0035270672136376
noise,2.552,60,0.847546232116994,0.8094327901462424,0.0024818387030518
noise,2.553,60,0.8561990045749154,0.820248755718644,0.0029966774169214
noise,2.554,60,0.8499385843146987,0.8124232303933735,0.0030259188819734
noise,2.555,60,0.8446544351797185,0.8058180439746482,0.0025336894332414
noise,2.556,60,0.8611254638454007,0.8264068298067506,0.0030126589472317
noise,2.557,60,0.8399644597825955,0.7999555747282443,0.0039642115896803
noise,2.558,60,0.8470583200071312,0.8088229000089141,0.0035159123290864
noise,2.559,60,0.8487399684308974,0.8109249605386217,0.0025178071556319
noise,2.56,60,0.8595192206111335,0.8243990257639169,0.0029905650434055
noise,2.561,60,0.8534478965855649,0.8168098707319558,0.0020496012494868
noise,2.562,60,0.8408025801719985,0.8010032252149982,0.0047358990924554
noise,2.563,60,0.8461641030059002,0.8077051287573752,0.0040289404925918
noise,2.564,60,0.8542862613806153,0.8178578267257691,0.0029335540330235
noise,2.565,60,0.8375599949305363,0.79694999366317,0.0030890799610794
noise,2.566,60,0.8409504591791459,0.8011880739739324,0.0032109458673706
noise,2.567,60,0.846637378516601,0.8082967231457511,0.0020130364975451
noise,2.568,60,0.8301561119040604,0.7876951398800752,0.0029110139799927
noise,2.569,60,0.852828156255546,0.8160351953194325,0.0026336743320412
noise,2.57,60,0.8487484765792751,0.8109355957240939,0.0034263887639904
noise,2.571,60,0.8371174807574395,0.7963968509467992,0.0028106122634723
noise,2.572,60,0.844162305172972,0.8052028814662149,0.0033530093598134
noise,2.573,60,0.8562318949381009,0.820289868672626,0.0034875195758865
noise,2.574,60,0.8328505247579696,0.7910631559474619,0.0034297311104424
noise,2.575,60,0.8535145816460269,0.8168932270575338,0.0020481112117784
noise,2.576,60,0.838551690598218,0.7981896132477726,0.0031824640646083
noise,2.577,60,0.8419573060084847,0.8024466325106058,0.0029323469171042
noise,2.578,60,0.8468524287534651,0.8085655359418312,0.0020056730637537
noise,2.579,60,0.8384951801545477,0.7981189751931843,0.0026158289029885
noise,2.58,60,0.8411358481266916,0.8014198101583644,0.0040237499349842
noise,2.581,60,0.8385146011717762,0.7981432514647203,0.0028676839415604
noise,2.582,60,0.8513340015960469,0.8141675019950585,0.0038772682524116
noise,2.583,60,0.8435245644850966,0.8044057056063709,0.0028868023239502
noise,2.584,60,0.8395101903833346,0.7993877379791682,0.003289162363621
noise,2.585,60,0.8271808214918928,0.7839760268648657,0.0027439344157587
noise,2.586,60,0.8346686809290669,0.7933358511613336,0.0052590574470885
noise,2.587,60,0.8524069764445721,0.8155087205557149,0.0035475516776481
noise,2.588,60,0.8481670498094328,0.8102088122617909,0.0033951621290945
noise,2.589,60,0.8448118509133682,0.8060148136417103,0.003243881036171
noise,2.59,60,0.8424308461572573,0.8030385576965716,0.0037680297598263
noise,2.591,60,0.843423379182805,0.8042792239785062,0.0032476920430273
noise,2.592,60,0.8554442947637609,0.8193053684547011,0.0022862803850427
noise,2.593,60,0.8337386239298962,0.7921732799123702,0.0040066534872923
noise,2.594,60,0.8373374277327866,0.7966717846659834,0.003350644190804
noise,2.595,60,0.8467214922681013,0.8084018653351265,0.0022861092094478
noise,2.596,60,0.8521771323039723,0.8152214153799655,0.0027360101657395
noise,2.597,60,0.8348534983910261,0.7935668729887827,0.0040661231429546
noise,2.598,60,0.8362587141157992,0.7953233926447488,0.0027922935216955
noise,2.599,60,0.8334621663737427,0.7918277079671783,0.00420913056147
noise,2.6,60,0.8441444266813662,0.8051805333517078,0.0035079413506647
noise,2.601,60,0.8414968501802905,0.8018710627253632,0.0037565778978957
noise,2.602,60,0.8350236941556695,0.7937796176945867,0.0040816579583581
noise,2.603,60,0.8209667824388694,0.7762084780485867,0.0036817039090342
noise,2.604,60,0.8326045463443489,0.7907556829304364,0.0033538597970728
noise,2.605,60,0.835821120004633,0.7947764000057913,0.0030611918806389
noise,2.606,60,0.8494160480241855,0.8117700600302319,0.0021209901777149
noise,2.607,60,0.8426406693231139,0.8033008366538923,0.004135629545863
noise,2.608,60,0.8268820681114619,0.7836025851393276,0.004058365547012
noise,2.609,60,0.8399620585701302,0.7999525732126626,0.0040555125080251
noise,2.61,60,0.83141835360375,0.7892729420046873,0.0026202734368686
noise,2.611,60,0.8440443556087729,0.8050554445109661,0.0018907385883703
noise,2.612,60,0.8095048196270075,0.7618810245337594,0.0035764522247939
noise,2.613,60,0.8384646773122658,0.7980808466403321,0.0030670225510933
noise,2.614,60,0.8405995126317637,0.8007493907897045,0.0029588617375724
noise,2.615,60,0.8402805286795868,0.8003506608494834,0.0037651018882425
noise,2.616,60,0.8315794042965202,0.78947425537065,0.0037322880982688
noise,2.617,60,0.8316063408030052,0.7895079260037565,0.0037488096298408
noise,2.618,60,0.8427746850014952,0.8034683562518691,0.0027550582146048
noise,2.619,60,0.823370462898202,0.7792130786227524,0.0046677779603233
noise,2.62,60,0.8431771242758256,0.803971405344782,0.0043008575402573
noise,2.621,60,0.8443147259712589,0.8053934074640735,0.0035670903055683
noise,2.622,60,0.8415257793207034,0.8019072241508792,0.0034448413412833
noise,2.623,60,0.8350709024668345,0.7938386280835432,0.0032041705075149
noise,2.624,60,0.849191754443547,0.8114896930544336,0.0017178824240094
noise,2.625,60,0.829277571495193,0.7865969643689913,0.005102098668832
noise,2.626,60,0.8397128141170587,0.7996410176463232,0.0038358927601626
noise,2.627,60,0.8401157767082541,0.8001447208853179,0.0033045680616443
noise,2.628,60,0.8429444313841543,0.8036805392301929,0.0032787815100497
noise,2.629,60,0.8450724610021312,0.8063405762526639,0.0031967267790095
noise,2.63,60,0.8306159179469907,0.7882698974337383,0.0040869026933913
noise,2.631,60,0.8510980076526726,0.8138725095658407,0.0040099261879978
noise,2.632,60,0.8388235121682683,0.7985293902103355,0.0028481803739234
noise,2.633,60,0.8375213446068607,0.7969016807585759,0.0034258619616037
noise,2.634,60,0.842491576918982,0.8031144711487275,0.0031730123352878
noise,2.635,60,0.8418142579182284,0.8022678223977856,0.0042123347774134
noise,2.636,60,0.8378638525440437,0.7973298156800546,0.0033578114405273
noise,2.637,60,0.8290753176127247,0.7863441470159059,0.0044612303945704
noise,2.638,60,0.8361564512486805,0.7951955640608506,0.0046364363089678
noise,2.639,60,0.8268931217627131,0.7836164022033913,0.0040019621903657
noise,2.64,60,0.8300368538191855,0.7875460672739816,0.0039445295956534
noise,2.641,60,0.8372052841983246,0.7965066052479057,0.0042902615661798
noise,2.642,60,0.8378838963715837,0.7973548704644794,0.0026642917900222
noise,2.643,60,0.83115658223219,0.7889457277902377,0.003637545934623
noise,2.644,60,0.8326315396173087,0.7907894245216357,0.0037088625847451
noise,2.645,60,0.8199567839901403,0.7749459799876752,0.0032463432051225
noise,2.646,60,0.8390248926796957,0.7987811158496194,0.0042974763513898
noise,2.647,60,0.8426106169744257,0.8032632712180322,0.0035925305257091
noise,2.648,60,0.8366614739953095,0.7958268424941369,0.0026695839093581
noise,2.649,60,0.8410661579833768,0.8013326974792212,0.0030226000552182
noise,2.65,60,0.8357580318222377,0.7946975397777969,0.002768778035937
noise,2.651,60,0.8445616503799407,0.8057020629749261,0.0032618813930662
noise,2.652,60,0.8274323492286548,0.7842904365358184,0.0040301523252082
noise,2.653,60,0.8449929410158603,0.8062411762698254,0.0020387453350776
noise,2.654,60,0.8370136228098523,0.7962670285123153,0.0034827096807817
noise,2.655,60,0.8285479393463085,0.7856849241828855,0.0035635296216282
noise,2.656,60,0.8397996313341146,0.7997495391676435,0.0035516699420731
noise,2.657,60,0.8181135666528901,0.7726419583161124,0.0034085591137617
noise,2.658,60,0.8267976561794029,0.7834970702242536,0.0045148708538699
noise,2.659,60,0.8288673474619043,0.7860841843273801,0.0041486696558473
noise,2.66,60,0.831086902139595,0.7888586276744939,0.0038884429638354
noise,2.661,60,0.8364826479590994,0.7956033099488742,0.0034231032734425
noise,2.662,60,0.8288974577058147,0.7861218221322683,0.0037389904510587
noise,2.663,60,0.8462780730790425,0.8078475913488029,0.0031393895453879
noise,2.664,60,0.832600037709375,0.7907500471367187,0.0039844165544249
noise,2.665,60,0.8314999400101769,0.7893749250127212,0.0033460975563223
noise,2.666,60,0.830846854301758,0.7885585678771972,0.0041129427259012
noise,2.667,60,0.8271848223358582,0.7839810279198226,0.0034530470226985
noise,2.668,60,0.8352013723321342,0.7940017154151678,0.0031837987330578
noise,2.669,60,0.8348517014568291,0.7935646268210361,0.0029775579237037
noise,2.67,60,0.8211912376187531,0.7764890470234413,0.0031532902898498
noise,2.671,60,0.8373574159389868,0.7966967699237336,0.0035466538365148
noise,2.672,60,0.8276219440686167,0.7845274300857706,0.0050121233422458
noise,2.673,60,0.8306526371221232,0.788315796402654,0.0031613385286118
noise,2.674,60,0.8247394623869799,0.7809243279837248,0.0032245686593271
noise,2.675,60,0.8306636281911992,0.788329535238999,0.0040703148568953
noise,2.676,60,0.8313925120732915,0.7892406400916142,0.0020985164262211
noise,2.677,60,0.8197169955377928,0.7746462444222408,0.0048905119862185
noise,2.678,60,0.8413087898450549,0.8016359873063187,0.0035665524193266
noise,2.679,60,0.8307994366264198,0.7884992957830246,0.0033623208266316
noise,2.68,60,0.8299400707159666,0.7874250883949583,0.0035898287622178
noise,2.681,60,0.8229737201795274,0.7787171502244093,0.0032238722736794
noise,2.682,60,0.8396841025393091,0.7996051281741362,0.0027223249561393
noise,2.683,60,0.8324314665897603,0.7905393332372003,0.0028603133146893
noise,2.684,60,0.8256232725791421,0.7820290907239276,0.0037675547514836
noise,2.685,60,0.8245026094846344,0.7806282618557929,0.0036365639876758
noise,2.686,60,0.8274007941210839,0.7842509926513549,0.0039387980866252
noise,2.687,60,0.8282318571103371,0.7852898213879214,0.004019551945131
noise,2.688,60,0.8307886379564926,0.7884857974456156,0.0033193168727279
noise,2.689,60,0.829736554270928,0.78717069283866,0.0030117607105265
noise,2.69,60,0.8354066648062534,0.7942583310078164,0.0046290775932533
noise,2.691,60,0.8391481047052984,0.7989351308816229,0.0033208421482652
noise,2.692,60,0.8328553507793889,0.7910691884742362,0.0037952553048694
noise,2.693,60,0.8408330598361925,0.8010413247952405,0.0032426208341541
noise,2.694,60,0.8363133631126974,0.7953917038908717,0.0032816338649037
noise,2.695,60,0.8445784804279928,0.805723100534991,0.0039320563015446
noise,2.696,60,0.8186642678151728,0.773330334768966,0.002884509819824
noise,2.697,60,0.8274763198778516,0.7843453998473143,0.0032799289733399
noise,2.698,60,0.8328646905017547,0.7910808631271934,0.0031639621154959
noise,2.699,60,0.8204499936518026,0.7755624920647529,0.0035844313413224
noise,2.7,60,0.8214570610171301,0.7768213262714126,0.0043521188057125
noise,2.701,60,0.8312414386832568,0.7890517983540712,0.002789464840678
noise,2.702,60,0.817503961886282,0.7718799523578527,0.0042329783214539
noise,2.703,60,0.8410910694296903,0.8013638367871124,0.0027974140284519
noise,2.704,60,0.8384333070570226,0.798041633821278,0.003179978728882
noise,2.705,60,0.8240244623292793,0.7800305779115991,0.0034080999759641
noise,2.706,60,0.8310554528229862,0.7888193160287325,0.0039747901797589
noise,2.707,60,0.8349267821825409,0.7936584777281761,0.0036178327343101
noise,2.708,60,0.8071847077206589,0.7589808846508234,0.0029426662813415
noise,2.709,60,0.8250776568228027,0.7813470710285034,0.0044246666583888
noise,2.71,60,0.8209177265831858,0.7761471582289823,0.003831472928545
noise,2.711,60,0.8245047723460921,0.7806309654326156,0.0032248574441539
noise,2.712,60,0.8266970561706523,0.7833713202133151,0.0028865220896163
noise,2.713,60,0.8079904360100184,0.7599880450125232,0.0032787312372038
noise,2.714,60,0.8303744727796856,0.7879680909746071,0.0024280644499627
noise,2.715,60,0.8142855524303267,0.7678569405379085,0.0045636912423633
noise,2.716,60,0.8320375030360492,0.7900468787950614,0.0026711751710262
noise,2.717,60,0.8466110927763936,0.808263865970492,0.0027702473193315
noise,2.718,60,0.8182924390639578,0.7728655488299471,0.0029671392757511
noise,2.719,60,0.8271379579259165,0.7839224474073954,0.0038590272114588
noise,2.72,60,0.8256438380837221,0.7820547976046527,0.0039547316467826
noise,2.721,60,0.8143211282955861,0.7679014103694827,0.0031022809314328
noise,2.722,60,0.8232122344962662,0.7790152931203327,0.0028947780266288
noise,2.723,60,0.836610258830337,0.7957628235379214,0.0023926520343876
noise,2.724,60,0.8239108362491099,0.7798885453113873,0.0029552570566944
noise,2.725,60,0.8156885367195588,0.7696106708994482,0.0037057305436168
noise,2.726,60,0.8186678890564505,0.7733348613205633,0.0035846902715216
noise,2.727,60,0.8210985136891399,0.7763731421114247,0.0053797972541196
noise,2.728,60,0.8331679985333115,0.791459998166639,0.0038169177947275
noise,2.729,60,0.819153827670054,0.7739422845875674,0.004669279118164
noise,2.73,60,0.8078554039877311,0.7598192549846641,0.0040438028862718
noise,2.731,60,0.8257064160668979,0.7821330200836224,0.0038773621361667
noise,2.732,60,0.8204808479963255,0.7756010599954066,0.0044044684210623
noise,2.733,60,0.8288395066648206,0.7860493833310257,0.0042755876497284
noise,2.734,60,0.830506878563781,0.7881335982047264,0.0042101271201366
noise,2.735,60,0.8392114821862666,0.799014352732833,0.0022035134429609
noise,2.736,60,0.8168073380451433,0.771009172556429,0.0035018384348719
noise,2.737,60,0.835923711380054,0.7949046392250673,0.0034844184757765
noise,2.738,60,0.8296484303849326,0.7870605379811657,0.0051871060017817
noise,2.739,60,0.8322528958664148,0.7903161198330184,0.004263230135303
noise,2.74,60,0.8143865363003155,0.7679831703753943,0.0053924871856519
noise,2.741,60,0.8228961450552605,0.7786201813190756,0.0035251172900606
noise,2.742,60,0.8157896370055696,0.769737046256962,0.0033712720307676
noise,2.743,60,0.8302985118002341,0.7878731397502922,0.0021568689582684
noise,2.744,60,0.832882274257999,0.7911028428224985,0.0046857668049625
noise,2.745,60,0.8166898209972168,0.7708622762465205,0.0031773965514499
noise,2.746,60,0.8382809388354627,0.7978511735443284,0.0028702297093866
noise,2.747,60,0.8079917781869828,0.7599897227337284,0.0050331307114741
noise,2.748,60,0.8122051247016376,0.7652564058770469,0.0057638550272182
noise,2.749,60,0.8144736544167666,0.7680920680209583,0.0050730114991779
noise,2.75,60,0.8253787699401315,0.7817234624251643,0.0051375752429773
noise,2.751,60,0.8243164076738378,0.7803955095922973,0.0033397512241094
noise,2.752,60,0.8322004581407865,0.7902505726759829,0.0026265724969628
noise,2.753,60,0.8234062288941871,0.7792577861177337,0.0047655420754189
noise,2.754,60,0.8165402967656725,0.7706753709570905,0.0028886004595557
noise,2.755,60,0.8353764533206505,0.7942205666508129,0.0051853916068059
noise,2.756,60,0.818794841739954,0.7734935521749422,0.0047268637581191
noise,2.757,60,0.8243351945584204,0.7804189931980253,0.0033749614363205
noise,2.758,60,0.8335682153042367,0.791960269130296,0.0038945260742631
noise,2.759,60,0.8188556399165133,0.7735695498956418,0.0032946392827966
noise,2.76,60,0.8154023447416532,0.7692529309270664,0.0038260281703603
noise,2.761,60,0.8158174039740875,0.769771754967609,0.0052354306650139
noise,2.762,60,0.8243850679823247,0.7804813349779061,0.0044065911387343
noise,2.763,60,0.8243549822600236,0.7804437278250294,0.0036068285319554
noise,2.764,60,0.8247395683480816,0.7809244604351019,0.0054357044937096
noise,2.765,60,0.8228486950934756,0.7785608688668443,0.0038690256960468
noise,2.766,60,0.8214723138594512,0.7768403923243138,0.0036970280492291
noise,2.767,60,0.8099857894009634,0.7624822367512041,0.0041080973465958
noise,2.768,60,0.8287715700718956,0.7859644625898696,0.0030832892590707
noise,2.769,60,0.8207162408027298,0.7758953010034122,0.0033120842116773
noise,2.77,60,0.8163161316978361,0.7703951646222948,0.0038767364504705
noise,2.771,60,0.8226795852991856,0.778349481623982,0.0049197321041611
noise,2.772,60,0.829864825071206,0.7873310313390074,0.0040970865312052
noise,2.773,60,0.8300942830510167,0.7876178538137709,0.0048924692257165
noise,2.774,60,0.8362136796582456,0.795267099572807,0.003887071099358
noise,2.775,60,0.8297673729151399,0.7872092161439247,0.0045055761753092
noise,2.776,60,0.8322884893418039,0.7903606116772545,0.0021864733152048
noise,2.777,60,0.8126369946761062,0.7657962433451329,0.0049078181236587
noise,2.778,60,0.816443822976855,0.7705547787210687,0.0031306248636446
noise,2.779,60,0.8226315164633573,0.7782893955791966,0.0040211088938243
noise,2.78,60,0.826477516737141,0.7830968959214262,0.0052591602550484
noise,2.781,60,0.8148459755933815,0.7685574694917267,0.003600018974437
noise,2.782,60,0.8010964526506268,0.7513705658132835,0.0045407829093306
noise,2.783,60,0.820176270063337,0.775220337579171,0.0066494618611244
noise,2.784,60,0.823029484384544,0.77878685548068,0.0030030329427593
noise,2.785,60,0.8152534344092223,0.7690667930115279,0.0040247435022987
noise,2.786,60,0.8356557958559403,0.7945697448199256,0.0031484824279317
noise,2.787,60,0.8296679990426326,0.7870849988032909,0.0042658520714273
noise,2.788,60,0.8316237469902135,0.7895296837377668,0.0028326277911639
noise,2.789,60,0.8138061918414259,0.7672577398017825,0.0031634036924347
noise,2.79,60,0.8222123035512617,0.7777653794390772,0.0047343036926614
noise,2.791,60,0.81563482491874,0.7695435311484249,0.0036753879197334
noise,2.792,60,0.8105113982024297,0.763139247753037,0.004893897272882
noise,2.793,60,0.8245740399729939,0.7807175499662427,0.0038007965987555
noise,2.794,60,0.8116553178175071,0.7645691472718837,0.0044888300110372
noise,2.795,60,0.8253267187802594,0.7816583984753244,0.0038835134512053
noise,2.796,60,0.8180728635911596,0.7725910794889495,0.0037180543664567
noise,2.797,60,0.8139032320325694,0.7673790400407117,0.0069078550340092
noise,2.798,60,0.8223401308385461,0.7779251635481826,0.0056994785172845
noise,2.799,60,0.8269056599660346,0.7836320749575432,0.0048093511369606
noise,2.8,60,0.82199289884263,0.7774911235532874,0.0033690704728139
noise,2.801,60,0.8215823705108157,0.7769779631385197,0.0037350368010722
noise,2.802,60,0.8304830333147205,0.7881037916434008,0.0041965442734328
noise,2.803,60,0.8171905357141869,0.7714881696427335,0.0041247974266308
noise,2.804,60,0.8098134960576392,0.7622668700720491,0.0031961460960548
noise,2.805,60,0.8287929611022111,0.7859912013777638,0.0043071866193634
noise,2.806,60,0.8149666618327136,0.768708327290892,0.0035221776026367
noise,2.807,60,0.82366767803411,0.7795845975426376,0.0038565148600467
noise,2.808,60,0.7958213881946479,0.7447767352433099,0.0027839985883502
noise,2.809,60,0.81027405127395,0.7628425640924374,0.0049952761839835
noise,2.81,60,0.8300058286053189,0.7875072857566486,0.0033895876563796
noise,2.811,60,0.8277978052957817,0.7847472566197271,0.0030214707834877
noise,2.812,60,0.8132651893943277,0.7665814867429093,0.0048060859585481
noise,2.813,60,0.8288360035190092,0.7860450043987613,0.0028214669973529
noise,2.814,60,0.8290964502615094,0.7863705628268867,0.0035339658998164
noise,2.815,60,0.8117765961580896,0.7647207451976119,0.0040794191635287
noise,2.816,60,0.8222159185687726,0.777769898210966,0.0021684620151502
noise,2.817,60,0.8174256706819389,0.7717820883524235,0.0048049220768821
noise,2.818,60,0.8204971269849575,0.7756214087311969,0.0038871627864445
noise,2.819,60,0.8121670543681918,0.7652088179602397,0.003624540934228
noise,2.82,60,0.819826797935254,0.7747834974190673,0.0051257093252187
noise,2.821,60,0.8138850554483592,0.7673563193104488,0.0028954822886423
noise,2.822,60,0.8126153906815683,0.7657692383519602,0.0039778027826998
noise,2.823,60,0.8174510729852257,0.7718138412315321,0.0031318599747769
noise,2.824,60,0.8162133102006589,0.7702666377508235,0.0036811530106874
noise,2.825,60,0.830422942352657,0.7880286779408213,0.0040870528307811
noise,2.826,60,0.8128270130219128,0.7660337662773912,0.0026062163330365
noise,2.827,60,0.8062405753620663,0.7578007192025826,0.0059491811702092
noise,2.828,60,0.80169857608354,0.7521232201044252,0.007389808285326
noise,2.829,60,0.8099159755371617,0.7623949694214522,0.0046065042319487
noise,2.83,60,0.8096863625802169,0.7621079532252709,0.0042503273583107
noise,2.831,60,0.8119735834597478,0.7649669793246846,0.0056675661584592
noise,2.832,60,0.8033654152852305,0.7542067691065382,0.0058126740361601
noise,2.833,60,0.811775565122683,0.7647194564033537,0.0045424830763952
noise,2.834,60,0.8186425445536243,0.7733031806920303,0.003263190243204
noise,2.835,60,0.8138673842574122,0.7673342303217651,0.005568624168888
noise,2.836,60,0.8249079480051272,0.7811349350064092,0.0038775786827742
noise,2.837,60,0.815641917449176,0.7695523968114701,0.0037900377261287
noise,2.838,60,0.8197247442081097,0.7746559302601369,0.0059690173177441
noise,2.839,60,0.8193885402313242,0.7742356752891552,0.0034411387048522
noise,2.84,60,0.8218116059292762,0.7772645074115954,0.0045346804579253
noise,2.841,60,0.8171871012511804,0.7714838765639755,0.0037503295880345
noise,2.842,60,0.8126602913803147,0.7658253642253935,0.0042893543137071
noise,2.843,60,0.8159742704752806,0.7699678380941005,0.0045955113471508
noise,2.844,60,0.81485640075597,0.7685705009449625,0.0036932792024519
noise,2.845,60,0.8027400467090748,0.7534250583863433,0.005852055735381
noise,2.846,60,0.8174319367914511,0.7717899209893141,0.004573594730996
noise,2.847,60,0.8106242535209756,0.7632803169012193,0.003483992611994
noise,2.848,60,0.8155794021497078,0.7694742526871348,0.003134739563514
noise,2.849,60,0.8269623182474009,0.7837028978092512,0.0029432181173381
noise,2.85,60,0.8229252910362117,0.778656613795265,0.0030841661651758
noise,2.851,60,0.8123703643624183,0.7654629554530227,0.0055337351110013
noise,2.852,60,0.8086778796352347,0.7608473495440433,0.003610520024162
noise,2.853,60,0.8231038437830176,0.7788798047287717,0.0044361491632471
noise,2.854,60,0.8208945076845536,0.776118134605692,0.0043238286679277
noise,2.855,60,0.8182470274346247,0.7728087842932808,0.004020879768659
noise,2.856,60,0.8282710928351581,0.7853388660439474,0.0037867095316576
noise,2.857,60,0.8056233182756163,0.7570291478445207,0.00518042164103
noise,2.858,60,0.8117642446200751,0.7647053057750938,0.0032283324696418
noise,2.859,60,0.8083237803580947,0.7604047254476181,0.0036104291452078
noise,2.86,60,0.8068220493721047,0.7585275617151307,0.004712909298306
noise,2.861,60,0.8003294341614119,0.750411792701765,0.0030439389664901
noise,2.862,60,0.8112718814205877,0.764089851775735,0.0031053286872535
noise,2.863,60,0.7948450727697166,0.743556340962146,0.0049892452815901
noise,2.864,60,0.8153656889383415,0.769207111172927,0.0050631421016137
noise,2.865,60,0.8092842042235256,0.7616052552794071,0.0057659007928504
noise,2.866,60,0.8085540851060076,0.7606926063825094,0.0045982564159176
noise,2.867,60,0.7983394251737278,0.7479242814671596,0.0043226853350566
noise,2.868,60,0.8054320405424941,0.7567900506781176,0.00429588688692
noise,2.869,60,0.8303076395793156,0.7878845494741447,0.0035880228462202
noise,2.87,60,0.8107065868857863,0.7633832336072327,0.005487428717279
noise,2.871,60,0.8136558019048806,0.7670697523811009,0.0029384576683426
noise,2.872,60,0.8088729930438259,0.7610912413047825,0.0037350062099608
noise,2.873,60,0.819733722236498,0.7746671527956225,0.0046231942152948
noise,2.874,60,0.8224033323586277,0.7780041654482848,0.0034126299068081
noise,2.875,60,0.8012128632963018,0.7515160791203772,0.0061862275773747
noise,2.876,60,0.8013880050565709,0.7517350063207137,0.0046157106897817
noise,2.877,60,0.8053069167225774,0.7566336459032218,0.0059132048174053
noise,2.878,60,0.8194232979324367,0.7742791224155459,0.0048392864182964
noise,2.879,60,0.8034937802693336,0.7543672253366669,0.0041313957549914
noise,2.88,60,0.8043916828435768,0.7554896035544707,0.0055267025521027
noise,2.881,60,0.7933665792641967,0.7417082240802458,0.005923705749638
noise,2.882,60,0.8079629553532265,0.7599536941915329,0.0043799648432489
noise,2.883,60,0.8279405261073436,0.7849256576341794,0.0044937379499387
noise,2.884,60,0.7977055464178403,0.7471319330223003,0.0055082118430085
noise,2.885,60,0.7967699801690546,0.7459624752113183,0.0047820622429413
noise,2.886,60,0.8150587730761565,0.7688234663451957,0.0046916001658161
noise,2.887,60,0.8233341087199844,0.7791676358999805,0.0031569535313621
noise,2.888,60,0.7968172643078156,0.7460215803847693,0.0030414841397596
noise,2.889,60,0.7975708923077887,0.746963615384736,0.0045656016166212
noise,2.89,60,0.7987861266875673,0.7484826583594588,0.004268718216677
noise,2.891,60,0.8047306195782558,0.7559132744728195,0.004929972520396
noise,2.892,60,0.7908275927847999,0.7385344909809997,0.006470904319256
noise,2.893,60,0.7969445058599014,0.746180632324877,0.0046808598347251
noise,2.894,60,0.8016364906063441,0.7520456132579301,0.0039812714435427
noise,2.895,60,0.8110217498638259,0.7637771873297824,0.0067171756069996
noise,2.896,60,0.7978102660502109,0.7472628325627635,0.0041972109254494
noise,2.897,60,0.8067964219876308,0.7584955274845384,0.0041613407324456
noise,2.898,60,0.8182573504289536,0.7728216880361921,0.0038269772601108
noise,2.899,60,0.8116233308370078,0.7645291635462599,0.0029903293959424
noise,2.9,60,0.8140105012851507,0.7675131266064386,0.0045036454119214
noise,2.901,60,0.8137461688170821,0.7671827110213524,0.0047310385202605
noise,2.902,60,0.8146351975882024,0.7682939969852528,0.0068173786377749
noise,2.903,60,0.8161215560853405,0.7701519451066757,0.0032840515999399
noise,2.904,60,0.8077611771776705,0.7597014714720879,0.0052340374903918
noise,2.905,60,0.8142708397484424,0.7678385496855532,0.004215213215247
noise,2.906,60,0.8003250674879734,0.7504063343599667,0.0062272823682811
noise,2.907,60,0.8095259342383394,0.7619074177979244,0.0052817719191482
noise,2.908,60,0.774010027935165,0.7175125349189563,0.0053145649471324
noise,2.909,60,0.8091284338108832,0.7614105422636039,0.003639186995156
noise,2.91,60,0.808948566310427,0.7611857078880339,0.0052290423453503
noise,2.911,60,0.8020773417837863,0.7525966772297329,0.0041236306821715
noise,2.912,60,0.8069795406379069,0.7587244257973835,0.0059334557175247
noise,2.913,60,0.8198236557177015,0.7747795696471269,0.0027688418126272
noise,2.914,60,0.8021901569351922,0.7527376961689902,0.0052381676471017
noise,2.915,60,0.8018457318600515,0.7523071648250645,0.0045667449279323
noise,2.916,60,0.7966083452159309,0.7457604315199132,0.002859764656721
noise,2.917,60,0.7973965120809146,0.7467456401011431,0.0034078829096101
noise,2.918,60,0.8066638781142332,0.7583298476427915,0.0056944253798245
noise,2.919,60,0.8172536533444706,0.7715670666805885,0.005864407096834
noise,2.92,60,0.8007613997316334,0.7509517496645416,0.0045094060327832
noise,2.921,60,0.7930560485940182,0.7413200607425227,0.0046983996335462
noise,2.922,60,0.7993265435802602,0.7491581794753254,0.006487611106556
noise,2.923,60,0.8090921988105072,0.7613652485131343,0.0045371319275698
noise,2.924,60,0.8041840335355147,0.7552300419193934,0.004533449020865
noise,2.925,60,0.8131224089206168,0.766403011150771,0.0043965468844993
noise,2.926,60,0.8123214177744368,0.7654017722180462,0.0050120946563034
noise,2.927,60,0.8048724897646246,0.7560906122057804,0.0031882475386038
noise,2.928,60,0.7965327617800094,0.7456659522250114,0.0050405805030644
noise,2.929,60,0.794160186162165,0.7427002327027061,0.0040599168574246
noise,2.93,60,0.801982005794185,0.7524775072427314,0.0055094424577292
noise,2.931,60,0.8106573557247402,0.7633216946559251,0.0044172268265893
noise,2.932,60,0.8141581364626393,0.7676976705782994,0.0045829886896545
noise,2.933,60,0.7933986674037429,0.7417483342546787,0.0051642154367705
noise,2.934,60,0.8080010746871515,0.7600013433589392,0.0041393166570802
noise,2.935,60,0.7977136922733199,0.7471421153416501,0.0040895486131699
noise,2.936,60,0.8109900246839961,0.7637375308549951,0.0053365172130587
noise,2.937,60,0.8053965600606446,0.7567457000758059,0.004484093335369
noise,2.938,60,0.8153420662028718,0.7691775827535898,0.0045808011494569
noise,2.939,60,0.802555547056738,0.7531944338209224,0.00505832763047
noise,2.94,60,0.8046368096794234,0.7557960120992788,0.003587424446849
noise,2.941,60,0.8017205499005036,0.7521506873756295,0.0045541698694972
noise,2.942,60,0.8110888017363131,0.7638610021703911,0.0046280714255393
noise,2.943,60,0.7871897020802833,0.7339871276003541,0.0046183998103749
noise,2.944,60,0.8012860722682476,0.7516075903353093,0.0044319813331736
noise,2.945,60,0.8013207256084759,0.7516509070105947,0.0050503566058239
noise,2.946,60,0.8075724597572361,0.7594655746965452,0.0033046814017852
noise,2.947,60,0.807172849044455,0.7589660613055688,0.0041883858238341
noise,2.948,60,0.807746704491419,0.7596833806142739,0.0059662805503853
noise,2.949,60,0.8025235089597011,0.7531543861996262,0.0057878034780298
noise,2.95,60,0.8111611315895848,0.7639514144869809,0.0033434875050755
noise,2.951,60,0.8102071556405388,0.7627589445506735,0.0059652919528478
noise,2.952,60,0.807478126716535,0.7593476583956688,0.0036905072798107
noise,2.953,60,0.7976852666455185,0.747106583306898,0.0049850089662416
noise,2.954,60,0.7980135799344079,0.7475169749180097,0.0072189555150201
noise,2.955,60,0.8017272260781425,0.7521590325976779,0.0052215256649218
noise,2.956,60,0.794934482235047,0.7436681027938088,0.0044454161075329
noise,2.957,60,0.7993296947332791,0.7491621184165989,0.006320988720619
noise,2.958,60,0.8095766897818009,0.7619708622272507,0.0050769785302334
noise,2.959,60,0.811304381025086,0.7641304762813576,0.0037152967284916
noise,2.96,60,0.7997188996562008,0.7496486245702509,0.0043451013466384
noise,2.961,60,0.7791595742334546,0.7239494677918181,0.0057074533560416
noise,2.962,60,0.8017904363694139,0.7522380454617675,0.004484920048961
noise,2.963,60,0.8145803826853287,0.7682254783566609,0.0027793619434451
noise,2.964,60,0.8129906026438992,0.766238253304874,0.0062147736258082
noise,2.965,60,0.8089522123005022,0.7611902653756277,0.0032072634559806
noise,2.966,60,0.785592639511679,0.731990799389599,0.0050301117635486
noise,2.967,60,0.8040155917341674,0.7550194896677092,0.0051603660877526
noise,2.968,60,0.7930781556076776,0.741347694509597,0.0034348182479047
noise,2.969,60,0.790336720728427,0.7379209009105338,0.0051248699157574
noise,2.97,60,0.8044441133788226,0.7555551417235281,0.0022682911360003
noise,2.971,60,0.8136442418943421,0.7670553023679273,0.0055858224141852
noise,2.972,60,0.7905067953366516,0.7381334941708142,0.0055343181388632
noise,2.973,60,0.8136867300181203,0.7671084125226505,0.003690421847179
noise,2.974,60,0.7839118188205757,0.7298897735257197,0.0047765507466763
noise,2.975,60,0.8087091619985856,0.7608864524982317,0.0042202767087916
noise,2.976,60,0.8157404471934927,0.7696755589918656,0.0052578634890408
noise,2.977,60,0.7991245059120134,0.7489056323900167,0.0037534680369847
noise,2.978,60,0.7973253590783512,0.7466566988479388,0.0050412524688549
noise,2.979,60,0.7861382722681493,0.7326728403351866,0.0047644204332384
noise,2.98,60,0.7923196902495362,0.7403996128119203,0.003252776870002
noise,2.981,60,0.7929324824731411,0.7411656030914265,0.00359769224418
noise,2.982,60,0.7943404055515519,0.74292550693944,0.0052307026175653
noise,2.983,60,0.803392976458596,0.7542412205732452,0.0060945674935187
noise,2.984,60,0.7911892138132355,0.7389865172665445,0.0055482070314372
noise,2.985,60,0.7982695123215903,0.7478368904019879,0.0049603561194661
noise,2.986,60,0.7884067509422976,0.735508438677872,0.0055919521626661
noise,2.987,60,0.7914165691486998,0.7392707114358749,0.0051923969383595
noise,2.988,60,0.8052144862998359,0.7565181078747948,0.0060467919589916
noise,2.989,60,0.8005578846451009,0.750697355806376,0.0052335917530798
noise,2.99,60,0.7961011861637908,0.7451264827047386,0.0048415272339438
noise,2.991,60,0.8002917574429381,0.7503646968036725,0.0048759430614786
noise,2.992,60,0.8065400551583249,0.758175068947906,0.0058067116197623
noise,2.993,60,0.7878028247983816,0.7347535309979769,0.0054546405966271
noise,2.994,60,0.8030614965637496,0.7538268707046868,0.003634986425038
noise,2.995,60,0.7884068392370424,0.735508549046303,0.0033537184331759
noise,2.996,60,0.8018815949751524,0.7523519937189405,0.0049131387853125
noise,2.997,60,0.809732028842169,0.7621650360527112,0.0040373536582603
noise,2.998,60,0.8097358970893723,0.7621698713617152,0.0046151430382495
noise,2.999,60,0.8046115304228029,0.7557644130285035,0.0053330865719324
noise,3.0,60,0.7856594355305098,0.732074294413137,0.0063288974051942
noise,3.001,60,0.7922103195263509,0.7402628994079385,0.0043303565101453
noise,3.002,60,0.8031413074800622,0.7539266343500779,0.0037432833585623
noise,3.003,60,0.799439406931843,0.7492992586648038,0.0036250607977761
noise,3.004,60,0.7961606444869627,0.7452008056087033,0.0052076654609882
noise,3.005,60,0.8002895288493216,0.7503619110616521,0.004708027631821
noise,3.006,60,0.7940398024197717,0.7425497530247143,0.0042463989097936
noise,3.007,60,0.8029382763606194,0.7536728454507742,0.0046584056349665
noise,3.008,60,0.7910693894480447,0.738836736810056,0.0051619562275293
noise,3.009,60,0.7949865395402288,0.7437331744252857,0.005604409821726
noise,3.01,60,0.7986029603364218,0.7482537004205272,0.0063767202626047
noise,3.011,60,0.7933427301068265,0.7416784126335332,0.005435710842368
noise,3.012,60,0.8114983511030209,0.7643729388787764,0.005906708330557
noise,3.013,60,0.7849234640979522,0.7311543301224401,0.0053014753441704
noise,3.014,60,0.7912975542751555,0.7391219428439443,0.0026640571228628
noise,3.015,60,0.7831258333037981,0.7289072916297477,0.0032626622034833
noise,3.016,60,0.7955940960339548,0.7444926200424435,0.0032030890372392
noise,3.017,60,0.7852018817241945,0.7315023521552433,0.0061705667632701
noise,3.018,60,0.8027021912573886,0.753377739071736,0.0050481497125613
noise,3.019,60,0.7732823107520139,0.7166028884400173,0.0056149041974479
noise,3.02,60,0.7959226436862623,0.7449033046078279,0.004017544322868
noise,3.021,60,0.7992004198054292,0.7490005247567862,0.0046955858217807
noise,3.022,60,0.7962557855184725,0.7453197318980908,0.0038554912423387
noise,3.023,60,0.7822781815783443,0.7278477269729303,0.0044992717171102
noise,3.024,60,0.7950339053715807,0.7437923817144756,0.0045364627207267
noise,3.025,60,0.7827317454929464,0.7284146818661832,0.0061939430873577
noise,3.026,60,0.8002470188033639,0.750308773504205,0.0055146070336656
noise,3.027,60,0.7794592164658272,0.7243240205822838,0.007179880613946
noise,3.028,60,0.8000510972467979,0.7500638715584974,0.0040574378153489
noise,3.029,60,0.7888480700750211,0.7360600875937763,0.0071008383858393
noise,3.03,60,0.7926711754310298,0.7408389692887872,0.0041851590126006
noise,3.031,60,0.7945506314630321,0.7431882893287899,0.0035860964405814
noise,3.032,60,0.7998215370283246,0.7497769212854057,0.0043380469521008
noise,3.033,60,0.7924883302142379,0.7406104127677976,0.006088621811493
noise,3.034,60,0.7980400875603499,0.7475501094504376,0.0050586200301642
noise,3.035,60,0.7829181600305068,0.7286477000381335,0.0049183216596349
noise,3.036,60,0.7732246623293264,0.7165308279116581,0.0047042112363595
noise,3.037,60,0.782715542782605,0.728394428478256,0.0076855290312114
noise,3.038,60,0.7787744171831569,0.7234680214789461,0.0043623648438288
noise,3.039,60,0.8038625078347439,0.7548281347934298,0.0039696503700861
noise,3.04,60,0.7991415617869019,0.7489269522336273,0.0045838338459576
noise,3.041,60,0.7844516376862098,0.7305645471077625,0.0059368495748442
noise,3.042,60,0.7795576859503547,0.7244471074379436,0.004413366302759
noise,3.043,60,0.7872553148569872,0.7340691435712338,0.0040117318665841
noise,3.044,60,0.7796629457444517,0.7245786821805648,0.0040113035969515
noise,3.045,60,0.784389541654138,0.7304869270676722,0.0055666078236873
noise,3.046,60,0.7911076303936487,0.738884537992061,0.0033382079278221
noise,3.047,60,0.8121238141089697,0.7651547676362119,0.0049795730298504
noise,3.048,60,0.7796394848298396,0.7245493560372992,0.0051574835243357
noise,3.049,60,0.8008566762920482,0.7510708453650601,0.0036077284167987
noise,3.05,60,0.767674620672759,0.7095932758409488,0.0039467867281251
noise,3.051,60,0.7725193889498241,0.7156492361872802,0.0056057870137498
noise,3.052,60,0.8117588430799465,0.7646985538499335,0.0045071813253427
noise,3.053,60,0.7826496512937889,0.7283120641172363,0.0067729688953734
noise,3.054,60,0.7802460028297366,0.7253075035371706,0.0038938708445448
noise,3.055,60,0.7962454337652574,0.7453067922065715,0.006086646985058
noise,3.056,60,0.8012148739779242,0.7515185924724055,0.0044525260616763
noise,3.057,60,0.7712780462835318,0.7140975578544148,0.0040897694133464
noise,3.058,60,0.7957245486084741,0.7446556857605925,0.0055667731568085
noise,3.059,60,0.7719128381796261,0.7148910477245326,0.0060547970459358
noise,3.06,60,0.7839190355548906,0.7298987944436132,0.0053742070030521
noise,3.061,60,0.7798044443971025,0.7247555554963783,0.007475599061177
noise,3.062,60,0.7839920075558574,0.729990009444822,0.0043243633169994
noise,3.063,60,0.7969337714916249,0.7461672143645313,0.0035535536743402
noise,3.064,60,0.7957289432228015,0.7446611790285017,0.0041513667991089
noise,3.065,60,0.7907950143706541,0.7384937679633177,0.004939689573139
noise,3.066,60,0.7692366909469588,0.7115458636836985,0.0065396808560662
noise,3.067,60,0.7898469225294302,0.7373086531617877,0.0052429848322764
noise,3.068,60,0.7863165565101203,0.7328956956376503,0.0044754442878957
noise,3.069,60,0.7773515534650707,0.7216894418313383,0.0059449543635681
noise,3.07,60,0.7825182940363419,0.7281478675454272,0.0042804298095251
noise,3.071,60,0.780931813101224,0.7261647663765299,0.0063624004367787
noise,3.072,60,0.8050253595125265,0.756281699390658,0.0045302900998569
noise,3.073,60,0.7927283855345593,0.7409104819181991,0.0053919761855557
noise,3.074,60,0.8017115022817507,0.7521393778521883,0.0038823982429144
noise,3.075,60,0.7912662693709691,0.7390828367137112,0.0048034809625685
noise,3.076,60,0.7985641812440822,0.7482052265551028,0.0040155387820537
noise,3.077,60,0.7793375410891396,0.7241719263614245,0.0048987997322116
noise,3.078,60,0.7961522635543679,0.7451903294429599,0.0030712955833718
noise,3.079,60,0.7872594324774024,0.7340742905967529,0.0066204177553611
noise,3.08,60,0.7826868726167007,0.7283585907708757,0.006995579992455
noise,3.081,60,0.7828612515011075,0.7285765643763844,0.0049052962590735
noise,3.082,60,0.7847742431419414,0.7309678039274267,0.0044489891290812
noise,3.083,60,0.7889707982977888,0.7362134978722359,0.0054343805934374
noise,3.084,60,0.7881998218167152,0.735249777270894,0.0053563547462458
noise,3.085,60,0.7800826138101721,0.7251032672627152,0.0036049693960168
noise,3.086,60,0.790626507825213,0.7382831347815163,0.0034775646865795
noise,3.087,60,0.7869322052758955,0.7336652565948694,0.0050538498304214
noise,3.088,60,0.769915653629303,0.7123945670366288,0.0050531340020031
noise,3.089,60,0.7993660484603881,0.749207560575485,0.0067854836875738
noise,3.09,60,0.7901072616404147,0.7376340770505184,0.0059495795999467
noise,3.091,60,0.7607057887423452,0.7008822359279314,0.0055298995160278
noise,3.092,60,0.8076811460429334,0.7596014325536667,0.0035115758946787
noise,3.093,60,0.7642446928911273,0.705305866113909,0.0073936008032932
noise,3.094,60,0.7802138582375111,0.7252673227968885,0.0053247937910629
noise,3.095,60,0.7839711866134946,0.7299639832668685,0.0045210818371969
noise,3.096,60,0.7647037124846578,0.7058796406058225,0.0068753837363741
noise,3.097,60,0.7910259872001483,0.7387824840001854,0.0049248108545482
noise,3.098,60,0.7775413504216668,0.7219266880270834,0.0074193033174299
noise,3.099,60,0.7721078091910419,0.7151347614888024,0.0041499172134593
noise,3.1,60,0.8008310162269908,0.7510387702837382,0.0055486531201377
noise,3.101,60,0.7818041940837861,0.7272552426047326,0.0056354352608135
noise,3.102,60,0.7966636503248831,0.7458295629061038,0.003593716775334
noise,3.103,60,0.7924056072567116,0.7405070090708893,0.0057251085341953
noise,3.104,60,0.7823791537079869,0.7279739421349836,0.0050926631641203
noise,3.105,60,0.7635922550819854,0.7044903188524818,0.005983811077364
noise,3.106,60,0.7912057663558119,0.7390072079447646,0.0044285123266518
noise,3.107,60,0.7964189647010073,0.7455237058762592,0.0068336081624595
noise,3.108,60,0.7840576896764958,0.7300721120956197,0.0051340687631701
noise,3.109,60,0.7748444817394846,0.7185556021743558,0.0077486457773186
noise,3.11,60,0.7786503061494883,0.7233128826868602,0.0067543610777793
noise,3.111,60,0.7833870734668974,0.7292338418336218,0.0053294787222661
noise,3.112,60,0.7897873107262846,0.7372341384078556,0.00498146863544
noise,3.113,60,0.7760322591750657,0.720040323968832,0.0047144105126662
noise,3.114,60,0.7856566583607963,0.7320708229509953,0.0063979560656624
noise,3.115,60,0.7707879894098788,0.7134849867623486,0.005419560679549
noise,3.116,60,0.7691257571324074,0.7114071964155093,0.0058857064402799
noise,3.117,60,0.7860717519314375,0.7325896899142968,0.0068790674718966
noise,3.118,60,0.7905094564247247,0.7381368205309058,0.0041515643141295
noise,3.119,60,0.776620790572647,0.7207759882158088,0.005418610698669
noise,3.12,60,0.78470859147814,0.7308857393476749,0.0041510405299815
noise,3.121,60,0.7808531446178364,0.7260664307722956,0.0043141448813227
noise,3.122,60,0.7802760730085069,0.7253450912606336,0.0062970773974591
noise,3.123,60,0.7896382912114972,0.7370478640143714,0.0042755285339366
noise,3.124,60,0.7799558420085678,0.7249448025107098,0.0081825185481379
noise,3.125,60,0.7794093029652083,0.7242616287065105,0.0044037658731569
noise,3.126,60,0.7745148576850492,0.7181435721063114,0.0066349604149019
noise,3.127,60,0.7798045619739238,0.7247557024674052,0.0058597091142235
noise,3.128,60,0.7677032701331794,0.709629087666474,0.005721030198168
noise,3.129,60,0.7843373819565929,0.7304217274457411,0.0036819905093239
noise,3.13,60,0.7891733984881277,0.7364667481101596,0.0049553594393197
noise,3.131,60,0.7714500417579089,0.7143125521973861,0.0053815542040945
noise,3.132,60,0.7710420531802312,0.7138025664752892,0.0051449887971115
noise,3.133,60,0.7568638031029153,0.6960797538786442,0.0065331856899371
noise,3.134,60,0.7722432392454666,0.7153040490568333,0.0051066561452463
noise,3.135,60,0.7729065376556497,0.7161331720695622,0.0044081062745387
noise,3.136,60,0.7871742758300773,0.7339678447875965,0.0063953036857645
noise,3.137,60,0.7789586703033242,0.723698337879155,0.0052472449638357
noise,3.138,60,0.7869359950143053,0.7336699937678818,0.0061043324295765
noise,3.139,60,0.774621566258387,0.7182769578229836,0.0054851465942252
noise,3.14,60,0.7982322531416978,0.7477903164271219,0.0069498470580899
noise,3.141,60,0.7938499700549309,0.7423124625686633,0.0040684284616123
noise,3.142,60,0.7737808371000722,0.71722604637509,0.0068943538092439
noise,3.143,60,0.7755114148243158,0.719389268530395,0.0038438222105653
noise,3.144,60,0.770868125724248,0.7135851571553099,0.0057970153063179
noise,3.145,60,0.7599717726952911,0.6999647158691141,0.0055748522767767
noise,3.146,60,0.7754463780682938,0.7193079725853672,0.0048017484148051
noise,3.147,60,0.7796292514155708,0.7245365642694633,0.0069188643346714
noise,3.148,60,0.757888905231308,0.6973611315391349,0.0060209203491955
noise,3.149,60,0.7772427841555359,0.7215534801944198,0.0060119073119068
noise,3.15,60,0.7755303673628879,0.7194129592036096,0.0044946366157429
noise,3.151,60,0.7652574014135811,0.7065717517669764,0.0049173739709881
noise,3.152,60,0.7848905796478025,0.7311132245597532,0.005520742153814
noise,3.153,60,0.7643696725412081,0.7054620906765103,0.0055942617168405
noise,3.154,60,0.7948269105884926,0.7435336382356156,0.0065667959525992
noise,3.155,60,0.7711102346764206,0.7138877933455257,0.0070401436402102
noise,3.156,60,0.7786015196145363,0.7232518995181701,0.0068637350715818
noise,3.157,60,0.7600389785764673,0.7000487232205841,0.006183552798998
noise,3.158,60,0.7834924930761525,0.7293656163451907,0.0040025831951464
noise,3.159,60,0.801242560560996,0.751553200701245,0.0053714384927195
noise,3.16,60,0.7714379569892604,0.7142974462365754,0.0051051970024475
noise,3.161,60,0.7591175526982834,0.6988969408728539,0.0050629508523638
noise,3.162,60,0.7741236882768693,0.7176546103460865,0.0064976008987123
noise,3.163,60,0.7722125019114476,0.7152656273893094,0.0059106484559316
noise,3.164,60,0.7728883948320414,0.7161104935400517,0.0058309013423303
noise,3.165,60,0.7692602476866474,0.711575309608309,0.0075673688524203
noise,3.166,60,0.7553817230519215,0.694227153814902,0.0032828385598143
noise,3.167,60,0.7500355981068063,0.6875444976335078,0.0054948845509292
noise,3.168,60,0.7838996319849866,0.7298745399812332,0.0035024533996506
noise,3.169,60,0.790081855930634,0.7376023199132925,0.0077538907001953
noise,3.17,60,0.7624383427685065,0.703047928460633,0.0065305970440893
noise,3.171,60,0.763134339212348,0.703917924015435,0.0050486671736008
noise,3.172,60,0.7727929162530515,0.7159911453163141,0.0064477611573438
noise,3.173,60,0.7771759998397338,0.7214699997996673,0.0044279627382115
noise,3.174,60,0.7612390606921557,0.7015488258651948,0.0088700758337647
noise,3.175,60,0.774741528833571,0.7184269110419633,0.0050522451090349
noise,3.176,60,0.7711696288038798,0.7139620360048498,0.0051858993756696
noise,3.177,60,0.7838482611219905,0.729810326402488,0.0052696808353234
noise,3.178,60,0.7798586866836228,0.7248233583545284,0.0068326458295821
noise,3.179,60,0.7789489664956841,0.7236862081196048,0.0050180532761773
noise,3.18,60,0.7839356527565126,0.7299195659456409,0.0047608402528244
noise,3.181,60,0.7767938789130091,0.7209923486412612,0.0043266383699624
noise,3.182,60,0.769050468459614,0.7113130855745174,0.0049563971306654
noise,3.183,60,0.7783049846099295,0.7228812307624117,0.0064582604201578
noise,3.184,60,0.7635151345236754,0.7043939181545941,0.0048020667055646
noise,3.185,60,0.765336996191865,0.7066712452398313,0.0054084611340404
noise,3.186,60,0.7718277023163576,0.7147846278954472,0.0064208311152491
noise,3.187,60,0.7740083640246649,0.7175104550308311,0.0069664123111998
noise,3.188,60,0.7727312882799915,0.7159141103499892,0.0052413870572614
noise,3.189,60,0.7705430110551911,0.7131787638189888,0.0064581618918612
noise,3.19,60,0.7615365119823823,0.7019206399779778,0.0073603130361337
noise,3.191,60,0.7680491381880671,0.7100614227350839,0.0048772674856427
noise,3.192,60,0.7737556714926729,0.717194589365841,0.0079411899164133
noise,3.193,60,0.7608439359854319,0.7010549199817897,0.0079561895101509
noise,3.194,60,0.7631714269478759,0.7039642836848448,0.007480388586142
noise,3.195,60,0.7792211867769122,0.7240264834711402,0.0057270303640151
noise,3.196,60,0.7796659600994954,0.7245824501243693,0.0050304790319399
noise,3.197,60,0.7772149274203198,0.7215186592753998,0.004532938763547
noise,3.198,60,0.7900888556635935,0.7376110695794919,0.0039369794551928
noise,3.199,60,0.772416887521292,0.7155211094016151,0.0092900553534697
noise,3.2,60,0.775544662645602,0.7194308283070024,0.0040846072826868
noise,3.201,60,0.7881286733721448,0.7351608417151808,0.0047859792854408
noise,3.202,60,0.7755179293942325,0.7193974117427903,0.0046215627683585
noise,3.203,60,0.7678671208902872,0.7098339011128588,0.0060665622851832
noise,3.204,60,0.7770517494375939,0.7213146867969923,0.0098268871466304
noise,3.205,60,0.7539026921581762,0.69237836519772,0.0080700049459168
noise,3.206,60,0.7745471227914896,0.718183903489362,0.0038820464695206
noise,3.207,60,0.7709884426519117,0.7137355533148898,0.0069263799029067
noise,3.208,60,0.7859345942512692,0.7324182428140866,0.0061019439678582
noise,3.209,60,0.7741702159377357,0.7177127699221697,0.0070421126644515
noise,3.21,60,0.7666002822964139,0.7082503528705172,0.0053340947987364
noise,3.211,60,0.7711832270424779,0.7139790338030974,0.0069728721495241
noise,3.212,60,0.7699368779712401,0.71242109746405,0.0058916067481404
noise,3.213,60,0.7853449587866352,0.7316811984832939,0.0058625199484152
noise,3.214,60,0.7823895366397917,0.7279869207997397,0.0057142855799503
noise,3.215,60,0.77652817953221,0.7206602244152622,0.0067504832218462
noise,3.216,60,0.7727756195177227,0.7159695243971534,0.0072382232297548
noise,3.217,60,0.7590451393290792,0.698806424161349,0.00546098024749
noise,3.218,60,0.7777316268693165,0.7221645335866455,0.0052782554028038
noise,3.219,60,0.7643115226753316,0.7053894033441644,0.0053157157844693
noise,3.22,60,0.7566374825265425,0.6957968531581783,0.0078249728064816
noise,3.221,60,0.7669991804111981,0.7087489755139974,0.0062499600872685
noise,3.222,60,0.7673449485424508,0.7091811856780634,0.0070694623037141
noise,3.223,60,0.7482688738641772,0.6853360923302214,0.0049842104459145
noise,3.224,60,0.763914756849251,0.7048934460615637,0.0067915580129068
noise,3.225,60,0.7768126380734524,0.7210157975918153,0.0068608092961959
noise,3.226,60,0.7675428940161882,0.7094286175202353,0.0046595408083107
noise,3.227,60,0.7748039109579029,0.7185048886973786,0.0072741848107583
noise,3.228,60,0.764062052585896,0.70507756573237,0.0063595295805731
noise,3.229,60,0.768622919771647,0.7107786497145587,0.0071123272213885
noise,3.23,60,0.7787871128252015,0.7234838910315019,0.0050358432317196
noise,3.231,60,0.7819449196806851,0.727431149600856,0.0068314626502618
noise,3.232,60,0.7825341945242787,0.7281677431553484,0.0044075337789144
noise,3.233,60,0.7599503713195626,0.6999379641494529,0.006981773191537
noise,3.234,60,0.7542146433637418,0.6927683042046772,0.0050761696264812
noise,3.235,60,0.7654481745397224,0.7068102181746531,0.0061984709440323
noise,3.236,60,0.7899965973262492,0.7374957466578116,0.0061333385523525
noise,3.237,60,0.7725901507132049,0.7157376883915061,0.0059088945415857
noise,3.238,60,0.761832471850636,0.702290589813295,0.0057053595521433
noise,3.239,60,0.7604280998276765,0.7005351247845955,0.0063539025735065
noise,3.24,60,0.7595749867815996,0.6994687334769994,0.007688791818924
noise,3.241,60,0.76663946786022,0.7082993348252749,0.0061624875875953
noise,3.242,60,0.7628514570507058,0.7035643213133823,0.0050167746569423
noise,3.243,60,0.7731216640424924,0.7164020800531156,0.0061575360245173
noise,3.244,60,0.7749321006736007,0.7186651258420007,0.00661945208972
noise,3.245,60,0.7775384816339216,0.721923102042402,0.0074680454498702
noise,3.246,60,0.7580639743233171,0.6975799679041464,0.0052041328441604
noise,3.247,60,0.77615973229919,0.7201996653739874,0.0069173549267478
noise,3.248,60,0.7585652260867188,0.6982065326083985,0.0065168628972224
noise,3.249,60,0.7657101869056707,0.7071377336320883,0.0047166869287694
noise,3.25,60,0.7718644905945586,0.7148306132431983,0.0077939689534549
noise,3.251,60,0.7767049386026745,0.720881173253343,0.0091433691880697
noise,3.252,60,0.7655674612930485,0.7069593266163106,0.0058376101012204
noise,3.253,60,0.7817867401404572,0.7272334251755715,0.0072899803064415
noise,3.254,60,0.7496819471250898,0.6871024339063622,0.0052967262982856
noise,3.255,60,0.7595448043812063,0.699431005476508,0.0078067691727228
noise,3.256,60,0.7561793603514544,0.6952242004393179,0.0072100236857664
noise,3.257,60,0.7475731956826558,0.6844664946033195,0.0093876565343515
noise,3.258,60,0.7550604417542827,0.6938255521928532,0.0069719927879416
noise,3.259,60,0.7674351283537444,0.7092939104421805,0.0052907015035597
noise,3.26,60,0.7716605817815327,0.7145757272269156,0.0049344595693327
noise,3.261,60,0.7529645375309869,0.6912056719137336,0.0064547148070324
noise,3.262,60,0.7590196552370008,0.6987745690462508,0.0075024004962561
noise,3.263,60,0.7546477349663984,0.693309668707998,0.0055799483323843
noise,3.264,60,0.7658639452264011,0.7073299315330012,0.008178730548958
noise,3.265,60,0.7587411025417119,0.69842637817714,0.0062669276359696
noise,3.266,60,0.7601495126212644,0.7001868907765805,0.0064725282281504
noise,3.267,60,0.7702415012570683,0.7128018765713352,0.0083904147198103
noise,3.268,60,0.7777818182767379,0.7222272728459224,0.0054618908548806
noise,3.269,60,0.7558417394114034,0.6948021742642543,0.0065804151744229
noise,3.27,60,0.777429984310349,0.7217874803879363,0.0078890063036466
noise,3.271,60,0.7720510346913934,0.7150637933642415,0.0053701446747985
noise,3.272,60,0.7692239599858606,0.7115299499823257,0.0068681217432307
noise,3.273,60,0.7616284147171685,0.7020355183964606,0.0063981161872903
noise,3.274,60,0.7377505043973098,0.6721881304966374,0.0084268547862874
noise,3.275,60,0.7634597265605081,0.7043246582006353,0.0060142059351347
noise,3.276,60,0.7477633393972258,0.6847041742465322,0.0060544197924584
noise,3.277,60,0.7384513192847764,0.6730641491059703,0.0059648874161423
noise,3.278,60,0.7575308263510272,0.6969135329387839,0.0082342451073028
noise,3.279,60,0.7689422421743674,0.7111778027179594,0.0055487558472791
noise,3.28,60,0.7481475012842799,0.6851843766053498,0.0067445131796691
noise,3.281,60,0.7802854661379265,0.7253568326724079,0.0051847309946461
noise,3.282,60,0.7735922431990224,0.7169903039987781,0.0072484926928893
noise,3.283,60,0.7702288505097932,0.7127860631372411,0.0059859262990611
noise,3.284,60,0.7527975765724441,0.6909969707155549,0.0066703895232982
noise,3.285,60,0.750410666079133,0.6880133325989161,0.00719169725668
noise,3.286,60,0.7752867036074055,0.7191083795092568,0.0076738370552351
noise,3.287,60,0.7699037220973926,0.7123796526217407,0.0070841170791667
noise,3.288,60,0.7575780393411463,0.6969725491764329,0.0065532036553201
noise,3.289,60,0.7544607942163273,0.693075992770409,0.0055371013549441
noise,3.29,60,0.767519625733674,0.7093995321670924,0.0051681862608537
noise,3.291,60,0.7542838375148003,0.6928547968935004,0.0060753390489103
noise,3.292,60,0.7700455999498845,0.7125569999373557,0.0064566646550483
noise,3.293,60,0.7546478120495393,0.6933097650619241,0.0048373643561138
noise,3.294,60,0.7602442729590125,0.7003053411987656,0.0044858517509524
noise,3.295,60,0.7619347736480164,0.7024184670600204,0.0082677535308863
noise,3.296,60,0.7417737824777502,0.6772172280971878,0.0056082984476235
noise,3.297,60,0.7466777499113888,0.6833471873892357,0.0051850300672818
noise,3.298,60,0.7765695183756688,0.720711897969586,0.0058148470248654
noise,3.299,60,0.7439733091930482,0.6799666364913101,0.0049462390657114
noise,3.3,60,0.7583631899929034,0.6979539874911294,0.0075380003835055
noise,3.301,60,0.7585921312081109,0.6982401640101386,0.0067857031828987
noise,3.302,60,0.7583756163324724,0.6979695204155903,0.00559733105215
noise,3.303,60,0.7497409304194287,0.6871761630242859,0.0070741809874083
noise,3.304,60,0.7763678181536128,0.7204597726920159,0.0072612735017805
noise,3.305,60,0.7476695782193494,0.6845869727741867,0.0087169535820949
noise,3.306,60,0.7638120256117112,0.7047650320146388,0.005712753365277
noise,3.307,60,0.7676168101122984,0.7095210126403729,0.0056330045886732
noise,3.308,60,0.7575880629827609,0.6969850787284511,0.0053865352410213
noise,3.309,60,0.7604165555719643,0.7005206944649551,0.0051730786814005
noise,3.31,60,0.7535895410919604,0.6919869263649504,0.0065945889974621
noise,3.311,60,0.7575063939545281,0.6968829924431602,0.0073888804008311
noise,3.312,60,0.7743638134452477,0.7179547668065597,0.0054703984580201
noise,3.313,60,0.7721351914912649,0.7151689893640809,0.00509017596241
noise,3.314,60,0.772028645440552,0.7150358068006899,0.0092558855635381
noise,3.315,60,0.769203403052254,0.7115042538153176,0.0065674851189099
noise,3.316,60,0.7657827502437615,0.7072284378047018,0.0064495290229614
noise,3.317,60,0.7626951240279999,0.7033689050350002,0.0084984946870631
noise,3.318,60,0.7631321523041769,0.703915190380221,0.0074090626037927
noise,3.319,60,0.7508111766211152,0.6885139707763938,0.0053875539686943
noise,3.32,60,0.7563371298565973,0.6954214123207465,0.0040544981019155
noise,3.321,60,0.753226958291707,0.6915336978646339,0.0070561607971949
noise,3.322,60,0.7605341580983739,0.7006676976229672,0.0051376628179088
noise,3.323,60,0.7673309919560474,0.7091637399450591,0.006076980045999
noise,3.324,60,0.7712985740812096,0.7141232176015121,0.004485605827119
noise,3.325,60,0.7487897093803797,0.6859871367254747,0.0037546280364503
noise,3.326,60,0.7679432044523353,0.7099290055654192,0.0046009297868434
noise,3.327,60,0.744353145769526,0.6804414322119076,0.0068569273145041
noise,3.328,60,0.7422128749176191,0.677766093647024,0.0102325232032328
noise,3.329,60,0.7496439116961092,0.6870548896201364,0.008988948605656
noise,3.33,60,0.7605439256533514,0.7006799070666891,0.0081768095840125
noise,3.331,60,0.7659889033159627,0.7074861291449533,0.0065676514127405
noise,3.332,60,0.7518007230123582,0.6897509037654477,0.0088829405010412
noise,3.333,60,0.7797125263689675,0.7246406579612092,0.0070136821602233
noise,3.334,60,0.7548222175182873,0.6935277718978587,0.0070517094563414
noise,3.335,60,0.751253032066516,0.6890662900831447,0.0085910562110786
noise,3.336,60,0.7471079519434831,0.683884939929354,0.0061841634077406
noise,3.337,60,0.7730483385373311,0.7163104231716638,0.0058931719815914
noise,3.338,60,0.749376406233394,0.6867205077917423,0.0079901678518416
noise,3.339,60,0.7599835342247261,0.6999794177809076,0.0049130500696373
noise,3.34,60,0.7566139454769181,0.6957674318461478,0.0070136417347804
noise,3.341,60,0.753317532736725,0.6916469159209063,0.0067476308092185
noise,3.342,60,0.749773540980302,0.6872169262253774,0.0051047726537814
noise,3.343,60,0.7445393259472668,0.6806741574340833,0.0073642446137068
noise,3.344,60,0.7565484946628168,0.695685618328521,0.0061327427615925
noise,3.345,60,0.758711899907209,0.6983898748840112,0.007413980789545
noise,3.346,60,0.736079760467279,0.6700997005840985,0.0070448987371639
noise,3.347,60,0.7446061175730868,0.6807576469663588,0.0054592254741562
noise,3.348,60,0.758459006500106,0.6980737581251323,0.0080580193661744
noise,3.349,60,0.7562460160831409,0.6953075201039259,0.006088227273574
noise,3.35,60,0.7549138125870515,0.6936422657338144,0.0072431114786789
noise,3.351,60,0.752375328056047,0.6904691600700587,0.0073652044848645
noise,3.352,60,0.7413330182087924,0.6766662727609905,0.0083496196350155
noise,3.353,60,0.7584482528989439,0.6980603161236797,0.0083722467239931
noise,3.354,60,0.7544836454712563,0.6931045568390705,0.0052457488466779
noise,3.355,60,0.7629443257953898,0.703680407244237,0.0055610147109787
noise,3.356,60,0.7451313539586598,0.6814141924483247,0.0065747623300902
noise,3.357,60,0.7564051515555686,0.6955064394444609,0.0071162061546614
noise,3.358,60,0.7592473634573471,0.6990592043216838,0.0051787331080463
noise,3.359,60,0.7392640613557101,0.6740800766946375,0.0080138689937079
noise,3.36,60,0.7657273413198298,0.7071591766497872,0.0068493059854833
noise,3.361,60,0.7405078090629449,0.675634761328681,0.005427371432191
noise,3.362,60,0.7587482126103771,0.6984352657629712,0.0049902158909564
noise,3.363,60,0.7592226576469736,0.6990283220587169,0.0086787393535625
noise,3.364,60,0.7705668788870326,0.7132085986087906,0.0033615021858337
noise,3.365,60,0.7488157965587106,0.6860197456983881,0.0063416914140446
noise,3.366,60,0.7559364493449853,0.6949205616812316,0.005368868151867
noise,3.367,60,0.752774128792793,0.6909676609909912,0.0063195703220806
noise,3.368,60,0.7250021744268871,0.6562527180336086,0.0123463448018972
noise,3.369,60,0.7644433032461356,0.7055541290576695,0.006440937816962
noise,3.37,60,0.754117338142982,0.6926466726787275,0.0066001424732855
noise,3.371,60,0.7731597211640446,0.7164496514550557,0.0072274347969683
noise,3.372,60,0.7503219409931158,0.6879024262413946,0.0083028602485554
noise,3.373,60,0.7650808462247323,0.7063510577809152,0.0068810064830355
noise,3.374,60,0.7382273994833533,0.6727842493541913,0.0079153410801199
noise,3.375,60,0.7571528341366305,0.6964410426707882,0.007229006937069
noise,3.376,60,0.7421190667833946,0.6776488334792432,0.0092344288889933
noise,3.377,60,0.7566491525673854,0.6958114407092317,0.0048045261825559
noise,3.378,60,0.7458588507168757,0.6823235633960946,0.0050776663206024
noise,3.379,60,0.7480407150127432,0.685050893765929,0.0064025472501676
noise,3.38,60,0.7496081827317778,0.6870102284147223,0.0061512620173077
noise,3.381,60,0.7574254480065115,0.6967818100081392,0.0086333401744152
noise,3.382,60,0.7482587720988607,0.6853234651235759,0.0062607291031318
noise,3.383,60,0.7475213615844684,0.6844017019805855,0.0056247085211949
noise,3.384,60,0.7369159360848503,0.6711449201060629,0.0059833539229675
noise,3.385,60,0.7516176138542376,0.689522017317797,0.0061726725469317
noise,3.386,60,0.7619014637959328,0.702376829744916,0.0056159571012043
noise,3.387,60,0.7523026044896048,0.6903782556120059,0.0083794182151925
noise,3.388,60,0.751604493061854,0.6895056163273173,0.0090508162953915
noise,3.389,60,0.7405211494535726,0.6756514368169657,0.0095324962812267
noise,3.39,60,0.7421641555032231,0.677705194379029,0.0072492814111196
noise,3.391,60,0.7371791297924366,0.6714739122405456,0.0095454618292906
noise,3.392,60,0.7428449973545738,0.6785562466932171,0.0081983401556753
noise,3.393,60,0.7530256156179792,0.6912820195224738,0.0049342424760559
noise,3.394,60,0.7413195240520903,0.6766494050651127,0.0090306970310416
noise,3.395,60,0.7682193568937078,0.7102741961171347,0.0062559241502751
noise,3.396,60,0.7415141265717113,0.6768926582146392,0.0072997581764459
noise,3.397,60,0.743790232399892,0.6797377904998647,0.00955790283287
noise,3.398,60,0.7374090486071969,0.6717613107589959,0.0042071187892135
noise,3.399,60,0.7434798798135521,0.6793498497669402,0.0045193168042202
noise,3.4,60,0.7519484225462276,0.6899355281827845,0.0065645888430179
noise,3.401,60,0.7464405839878268,0.6830507299847836,0.0079310086896939
noise,3.402,60,0.7270806084905755,0.6588507606132192,0.0089597728689084
noise,3.403,60,0.7384676264114636,0.6730845330143291,0.0077495721535248
noise,3.404,60,0.7498190675815466,0.6872738344769332,0.0091967084258674
noise,3.405,60,0.7485410016924173,0.6856762521155215,0.0085085964599959
noise,3.406,60,0.7345947934953667,0.6682434918692084,0.0085833346706141
noise,3.407,60,0.754166692417175,0.6927083655214689,0.0066360628485277
noise,3.408,60,0.7446480691999402,0.6808100864999251,0.0062338212018058
noise,3.409,60,0.7658790188941027,0.7073487736176284,0.006540056776947
noise,3.41,60,0.7688370890286361,0.7110463612857951,0.0045481055685998
noise,3.411,60,0.7388653915330439,0.6735817394163051,0.0078072723920022
noise,3.412,60,0.7470996901817661,0.6838746127272076,0.0084022905580681
noise,3.413,60,0.7429665734078345,0.6787082167597929,0.0080738043295031
noise,3.414,60,0.7501271853314256,0.6876589816642821,0.0067861727854338
noise,3.415,60,0.7601256607144865,0.7001570758931079,0.0057491887621796
noise,3.416,60,0.7112160811076362,0.6390201013845452,0.005016272832441
noise,3.417,60,0.7435516157281885,0.6794395196602355,0.0081492723906269
noise,3.418,60,0.7301566546429203,0.6626958183036503,0.0075276483374234
noise,3.419,60,0.7305322528498666,0.663165316062333,0.0054318486104608
noise,3.42,60,0.7407440656364911,0.6759300820456137,0.0093309201920718
noise,3.421,60,0.7373166104197879,0.6716457630247349,0.0051763016143688
noise,3.422,60,0.7481180995875432,0.685147624484429,0.0091124911062858
noise,3.423,60,0.7460821125850927,0.6826026407313657,0.0114041072161677
noise,3.424,60,0.7433889104196945,0.679236138024618,0.0101535418067761
noise,3.425,60,0.7247339420417341,0.6559174275521676,0.0072023399035797
noise,3.426,60,0.7491358220351163,0.6864197775438954,0.0078587018966456
noise,3.427,60,0.7448620653109028,0.6810775816386284,0.0097577529128625
noise,3.428,60,0.7422710529054362,0.6778388161317951,0.0069883757377408
noise,3.429,60,0.7431810176607438,0.6789762720759299,0.0069436001524202
noise,3.43,60,0.7450974505071826,0.6813718131339783,0.0069476019406703
noise,3.431,60,0.7269734126719207,0.6587167658399008,0.0067137238726409
noise,3.432,60,0.7326146201692418,0.6657682752115526,0.0082759757050088
noise,3.433,60,0.7451160988629008,0.681395123578626,0.0065159762029743
noise,3.434,60,0.7295602374317416,0.6619502967896768,0.0088719830020622
noise,3.435,60,0.7301209872372958,0.6626512340466195,0.0062437868276178
noise,3.436,60,0.76949633722186,0.7118704215273246,0.0095109284731635
noise,3.437,60,0.7368548315109142,0.6710685393886427,0.0053585391793431
noise,3.438,60,0.7473917044316272,0.6842396305395338,0.0082998211552557
noise,3.439,60,0.7644573184521368,0.7055716480651707,0.0073163980658828
noise,3.44,60,0.7669684737246206,0.7087105921557756,0.0051045456182271
noise,3.441,60,0.750325415893272,0.6879067698665899,0.0078052181804387
noise,3.442,60,0.7610431817335144,0.701303977166893,0.0070441558091201
noise,3.443,60,0.7453029610559669,0.6816287013199585,0.0067057919410761
noise,3.444,60,0.7564211530115447,0.6955264412644308,0.0075621455834839
noise,3.445,60,0.7396650099171551,0.6745812623964437,0.0064239652208397
noise,3.446,60,0.7236701492990889,0.654587686623861,0.0084774170235203
noise,3.447,60,0.7483911774334411,0.6854889717918015,0.0086244034995688
noise,3.448,60,0.7377014515173415,0.6721268143966769,0.0107483722990261
noise,3.449,60,0.7670881059997205,0.7088601324996505,0.0057189075212915
noise,3.45,60,0.7419097862523508,0.6773872328154383,0.0086755031410605
noise,3.451,60,0.7498816920962552,0.6873521151203187,0.0061476282190335
noise,3.452,60,0.7485814867443876,0.6857268584304843,0.0066353915017735
noise,3.453,60,0.7408092987923998,0.6760116234904997,0.0073373973868895
noise,3.454,60,0.7297521391551598,0.6621901739439495,0.0084004786443574
noise,3.455,60,0.7456278094054936,0.6820347617568668,0.0108906742877825
noise,3.456,60,0.7498431142844831,0.6873038928556038,0.0078873215893711
noise,3.457,60,0.7537929456656238,0.6922411820820297,0.0051003216298171
noise,3.458,60,0.7403110541282114,0.6753888176602643,0.0063396472829495
noise,3.459,60,0.7353570705059326,0.6691963381324156,0.0062270770774167
noise,3.46,60,0.7492629830205824,0.6865787287757281,0.0071888480456476
noise,3.461,60,0.748816916989262,0.6860211462365774,0.0067654563585372
noise,3.462,60,0.7367462896999006,0.6709328621248758,0.0062263669509369
noise,3.463,60,0.728218954796287,0.6602736934953586,0.0055387902197202
noise,3.464,60,0.7380414543537932,0.6725518179422413,0.0091359675110239
noise,3.465,60,0.7452140202540161,0.68151752531752,0.0072753414672823
noise,3.466,60,0.7394132330394214,0.6742665412992768,0.0088581325761986
noise,3.467,60,0.7445802534315424,0.6807253167894279,0.0079817585515224
noise,3.468,60,0.7496081150201279,0.6870101437751599,0.0072215951964797
noise,3.469,60,0.7401270248203065,0.6751587810253831,0.0095919097322988
noise,3.47,60,0.7212286646680024,0.6515358308350032,0.0056514735922845
noise,3.471,60,0.7436591962763051,0.6795739953453813,0.0083727478663718
noise,3.472,60,0.721674156890545,0.6520926961131813,0.0061428479548517
noise,3.473,60,0.7458507336712903,0.6823134170891128,0.0079454166140645
noise,3.474,60,0.7491024513069652,0.6863780641337065,0.0063133996143633
noise,3.475,60,0.7396540419668627,0.6745675524585782,0.0065390537080971
noise,3.476,60,0.7341852319749512,0.6677315399686888,0.011466251286319
noise,3.477,60,0.7517419253794758,0.6896774067243447,0.0067521417419052
noise,3.478,60,0.7514967402732917,0.6893709253416145,0.0069743505962008
noise,3.479,60,0.7470891974234052,0.6838614967792565,0.0087151372696412
noise,3.48,60,0.7530348674910252,0.6912935843637815,0.0081049106341971
noise,3.481,60,0.7358165032808116,0.6697706291010145,0.0074153477709228
noise,3.482,60,0.7474762398682213,0.6843452998352765,0.006498584293294
noise,3.483,60,0.7492679574567114,0.686584946820889,0.0073640532328833
noise,3.484,60,0.7424196759039485,0.6780245948799357,0.0079370461043963
noise,3.485,60,0.7435480112952709,0.6794350141190884,0.0058536770763179
noise,3.486,60,0.7347972411616049,0.6684965514520063,0.0072484291914462
noise,3.487,60,0.7287325065562835,0.6609156331953542,0.0068362562722828
noise,3.488,60,0.7443989982247529,0.6804987477809411,0.0078418957836121
noise,3.489,60,0.7464846774158566,0.6831058467698207,0.0082296927531795
noise,3.49,60,0.7031209546671474,0.6289011933339341,0.0077080667946459
noise,3.491,60,0.7131279785091709,0.6414099731364636,0.0062237539784347
noise,3.492,60,0.741378718261144,0.67672339782643,0.0075080936086755
noise,3.493,60,0.7182573598715718,0.6478216998394646,0.007845398760778
noise,3.494,60,0.7525996316135297,0.690749539516912,0.0069152391599528
noise,3.495,60,0.7077916241877658,0.6347395302347073,0.009760026540817
noise,3.496,60,0.7430952250205948,0.6788690312757436,0.0081035322379391
noise,3.497,60,0.7316693361032897,0.664586670129112,0.0081873009361002
noise,3.498,60,0.7361710790779108,0.6702138488473884,0.0085829866355904
noise,3.499,60,0.7330157194950477,0.6662696493688097,0.0059422243528202
noise,3.5,60,0.7333332148324938,0.6666665185406172,0.009947577452634
